after,n,b3p,b3r,b3f,purity,invpur,purf,buckets,obuckets,time
1000,1000,0.9903333333333333,0.8092454545454554,0.8906781452225357,0.9910000000000008,0.8160000000000006,0.8601108058608061,933,763,22.95015597343445
2000,1000,0.9891666666666666,0.8023494949494955,0.8860175447202239,0.9900000000000008,0.8110000000000006,0.8541917748917746,929,752,28.15025305747986
3000,1000,0.9890000000000002,0.8156942723942732,0.8940258167137254,0.9900000000000008,0.8240000000000006,0.8654735042735037,931,766,30.02300500869751
4000,1000,0.9936666666666666,0.81284393939394,0.8942055751768789,0.9940000000000008,0.8210000000000006,0.8708809523809521,926,756,28.087286949157715
5000,1000,0.9946666666666666,0.7856904761904769,0.8779138838738442,0.9950000000000008,0.7940000000000006,0.8478436507936504,938,738,31.324466943740845
6000,1000,0.9908333333333333,0.8282666666666669,0.9022859900194848,0.9920000000000008,0.8350000000000006,0.8750153846153843,933,780,29.76600408554077
7000,1000,0.9926666666666666,0.8114344322344327,0.8929476441817411,0.9930000000000008,0.8210000000000006,0.867137409812409,936,767,32.57041692733765
8000,1000,0.9916,0.8169238095238104,0.8958263587772196,0.9920000000000008,0.8220000000000006,0.8668388888888882,943,773,35.84094190597534
9000,1000,0.9856666666666666,0.8163555555555554,0.8930571991137527,0.9870000000000008,0.8230000000000006,0.863002886002886,931,766,32.99971890449524
10000,1000,0.9956666666666666,0.8093634920634925,0.8929005937845065,0.9960000000000008,0.8160000000000006,0.8633909812409806,952,773,43.31269192695618
11000,1000,0.9956666666666666,0.8119000000000007,0.8944419938407071,0.9960000000000008,0.8160000000000006,0.8645420634920629,954,774,38.20748710632324
12000,1000,0.9906666666666666,0.7943666666666671,0.8817231175265948,0.9910000000000008,0.8020000000000006,0.8495041467304615,936,749,39.46587586402893
13000,1000,0.995,0.817967532467532,0.8978403421240198,0.9950000000000008,0.8240000000000006,0.8670322344322344,939,770,35.54441595077515
14000,1000,0.9960000000000001,0.7890427350427363,0.8805240890591343,0.9960000000000008,0.7970000000000006,0.8480738095238087,954,756,39.88318204879761
15000,1000,0.9911190476190476,0.7960217948717948,0.8829213058750638,0.9930000000000008,0.8040000000000006,0.8546797313797311,940,754,41.91436195373535
16000,1000,0.988,0.7935859307359311,0.8801853293073796,0.9880000000000008,0.8050000000000006,0.8522809523809523,931,749,39.519866943359375
17000,1000,0.9896666666666665,0.8092666666666669,0.8904212619824095,0.9900000000000008,0.8170000000000006,0.8590388888888886,937,766,40.77678108215332
18000,1000,0.9936666666666666,0.8173000000000001,0.8968953229398664,0.9940000000000008,0.8250000000000006,0.8699944444444446,928,762,44.520901918411255
19000,1000,0.9905000000000002,0.7899916666666673,0.8789558080867181,0.9910000000000008,0.7990000000000006,0.8500674603174599,942,751,43.81540107727051
20000,1000,0.9910000000000001,0.803809523809524,0.8876432039478922,0.9910000000000008,0.8070000000000006,0.8513731379731379,932,750,44.43718099594116
21000,1000,0.9946666666666667,0.8013380952380953,0.8875970809990076,0.9950000000000008,0.8090000000000006,0.857705555555555,934,750,47.56165599822998
22000,1000,0.9876666666666667,0.813288888888889,0.8920357012121138,0.9890000000000008,0.8180000000000006,0.8613623376623368,934,763,47.76068997383118
23000,1000,0.9899999999999999,0.8068523809523814,0.8890923546201164,0.9910000000000008,0.8150000000000006,0.8592272172272166,933,757,50.19982194900513
24000,1000,0.99175,0.8033580808080807,0.8876684197006792,0.9930000000000008,0.8100000000000006,0.8563414696414688,939,760,39.48158311843872
25000,1000,0.9946666666666666,0.8155492063492066,0.896246268386243,0.9950000000000008,0.8220000000000006,0.869631457431457,937,768,42.47201704978943
26000,1000,0.9841666666666666,0.8006939393939395,0.8830003672866964,0.9850000000000008,0.8080000000000006,0.850486554621848,914,739,44.26623606681824
27000,1000,0.9886666666666667,0.8166380952380955,0.8944560281779801,0.9890000000000008,0.8240000000000006,0.8661269841269841,929,766,50.6783709526062
28000,1000,0.9940000000000001,0.7961000000000005,0.8841108317971066,0.9940000000000008,0.8030000000000006,0.850711111111111,948,757,44.51461887359619
29000,1000,0.9866666666666668,0.7785500000000004,0.8703399960344813,0.9870000000000008,0.7860000000000006,0.8301563958916897,933,735,44.24231696128845
30000,1000,0.9924000000000001,0.8169166666666668,0.8961483801435166,0.9930000000000008,0.8220000000000006,0.8666817460317453,950,779,43.86107516288757
31000,1000,0.9911333333333333,0.8047190476190484,0.8882510394763248,0.9920000000000008,0.8100000000000006,0.8536015618368549,938,756,38.5070219039917
32000,1000,0.9890000000000002,0.8157333333333339,0.8940492778249792,0.9900000000000008,0.8240000000000006,0.8660113275613276,931,768,45.106658935546875
33000,1000,0.9895,0.7890793650793658,0.877997402956703,0.9900000000000008,0.7990000000000006,0.8484132034632027,927,737,42.470858097076416
34000,1000,0.9925,0.8040888888888885,0.8884149592128291,0.9930000000000008,0.8130000000000006,0.8576012987012985,936,759,45.33680009841919
35000,1000,0.998,0.7910151515151521,0.8825337455007415,0.9980000000000008,0.7980000000000006,0.8485123210123202,950,751,50.94564890861511
36000,1000,0.9893999999999997,0.8082571428571438,0.8897020439301953,0.9910000000000008,0.8160000000000006,0.8595738095238089,936,761,43.77305316925049
37000,1000,0.993,0.8071797619047625,0.8904994051519991,0.9930000000000008,0.8140000000000006,0.8580341611604765,932,754,51.13989496231079
38000,1000,0.9953999999999998,0.8079761904761906,0.8919486729916638,0.9960000000000008,0.8130000000000006,0.8594468253968253,947,764,42.28603506088257
39000,1000,0.9923333333333333,0.811666666666667,0.8929533136240455,0.9930000000000008,0.8160000000000006,0.8597126984126979,938,762,43.94214701652527
40000,1000,0.9906666666666666,0.7994000000000007,0.8848150162005143,0.9910000000000008,0.8070000000000006,0.8575333333333321,939,755,43.701937198638916
41000,1000,0.9876666666666668,0.7857999999999995,0.8752444928952708,0.9890000000000008,0.7940000000000006,0.836932539682539,944,750,42.40776491165161
42000,1000,0.9913333333333333,0.8025395604395601,0.8870017718023885,0.9920000000000008,0.8080000000000006,0.8540134920634913,943,760,47.2602801322937
43000,1000,0.9900666666666668,0.8076357142857149,0.8895946381293586,0.9910000000000008,0.8130000000000006,0.8568230158730155,941,764,46.32865500450134
44000,1000,0.998,0.8004000000000007,0.8883443060498225,0.9980000000000008,0.8080000000000006,0.8590182539682535,943,756,44.42357397079468
45000,1000,0.9906666666666667,0.7755489621489621,0.8700075943548422,0.9910000000000008,0.7800000000000006,0.8310028860028859,946,738,44.42701697349548
46000,1000,0.9928333333333332,0.7930205128205133,0.8817487509865044,0.9940000000000008,0.8010000000000006,0.8486285714285708,938,745,43.41183114051819
47000,1000,0.9931666666666666,0.8182871794871799,0.8972854065842191,0.9940000000000008,0.8260000000000006,0.869432539682539,931,764,45.52045011520386
48000,1000,0.9903333333333333,0.7938666666666665,0.8812830649279476,0.9910000000000008,0.8010000000000006,0.8476325396825396,936,750,35.98203110694885
49000,1000,0.99,0.8055714285714288,0.8883141061341397,0.9900000000000008,0.8120000000000006,0.8568880230880226,940,763,39.908283948898315
50000,1000,0.9935,0.8031777777777781,0.8882584646971883,0.9940000000000008,0.8110000000000006,0.859220346320346,937,758,43.23386907577515
51000,1000,0.9921666666666666,0.80979298245614,0.8917509384682235,0.9930000000000008,0.8190000000000006,0.862993722943722,939,767,39.79151797294617
52000,1000,0.9930000000000001,0.7969714285714291,0.884251687975866,0.9930000000000008,0.8010000000000006,0.849919841269841,952,761,38.77989721298218
53000,1000,0.9920000000000001,0.806257142857143,0.8895358362859278,0.9920000000000008,0.8130000000000006,0.8563743867243866,940,761,36.287638902664185
54000,1000,0.9926666666666667,0.7949333333333346,0.8828639765296744,0.9930000000000008,0.8010000000000006,0.8488464285714282,944,753,38.364623069763184
55000,1000,0.989,0.8202484848484852,0.8967543798530114,0.9900000000000008,0.8250000000000006,0.8657766788766786,935,770,37.32974600791931
56000,1000,0.9885238095238094,0.8191636363636372,0.8959101423023081,0.9900000000000008,0.8260000000000006,0.8675012820512816,923,761,37.548511028289795
57000,1000,0.9913333333333333,0.8129666666666673,0.8933336535560116,0.9920000000000008,0.8200000000000006,0.8618190476190472,928,758,51.6258020401001
58000,1000,0.9916666666666668,0.8120055555555565,0.8928882228950614,0.9920000000000008,0.8200000000000006,0.8638623376623371,946,774,39.08656883239746
59000,1000,0.9856666666666668,0.8140000000000005,0.8916458603445085,0.9870000000000008,0.8200000000000006,0.8633619047619038,931,765,35.154934883117676
60000,1000,0.9903333333333334,0.8019500000000004,0.8862413680872633,0.9910000000000008,0.8100000000000006,0.8571476190476186,929,752,32.46237897872925
61000,1000,0.9956666666666667,0.8154857142857148,0.8966136161665031,0.9960000000000008,0.8230000000000006,0.8678952380952377,940,768,36.17808485031128
62000,1000,0.9925,0.7841296536796544,0.8760955663046517,0.9930000000000008,0.7940000000000006,0.8409396825396821,934,738,38.91606402397156
63000,1000,0.9896666666666666,0.8015000000000009,0.8856996371080307,0.9900000000000008,0.8060000000000006,0.8519095238095232,942,758,40.80308508872986
64000,1000,0.992,0.796355555555556,0.883476117103236,0.9920000000000008,0.8040000000000006,0.8540152236652235,942,755,34.53130102157593
65000,1000,0.9913333333333334,0.8055149572649577,0.8888160807047798,0.9920000000000008,0.8120000000000006,0.856579029793735,938,759,34.243854999542236
66000,1000,0.9886666666666666,0.7919142857142858,0.8794200073812186,0.9890000000000008,0.7990000000000006,0.845491176470588,936,749,35.67800498008728
67000,1000,0.9915,0.8003000000000008,0.8856986828887158,0.9920000000000008,0.8090000000000006,0.85758007518797,942,759,34.213046073913574
68000,1000,0.9923333333333335,0.8074841269841272,0.8904163149996108,0.9930000000000008,0.8150000000000006,0.8613467532467528,944,768,43.434770822525024
69000,1000,0.9903333333333334,0.7998880952380962,0.8849808532153739,0.9910000000000008,0.8070000000000006,0.8515444444444442,945,762,37.14832901954651
70000,1000,0.9921666666666666,0.8118333333333332,0.8929866654348361,0.9930000000000008,0.8160000000000006,0.8577580586080581,951,774,39.49728989601135
71000,1000,0.9925,0.815646031746032,0.8954240114402898,0.9930000000000008,0.8230000000000006,0.8675941558441553,940,772,40.80841588973999
72000,1000,0.9896666666666666,0.8040380952380956,0.887247130617309,0.9910000000000008,0.8120000000000006,0.8601063492063485,934,757,40.24789500236511
73000,1000,0.9946666666666666,0.8011595238095238,0.887487527737377,0.9950000000000008,0.8110000000000006,0.8596997845291963,937,757,37.5347421169281
74000,1000,0.9873333333333332,0.7851638655462184,0.8747189638129433,0.9880000000000008,0.7930000000000006,0.8410178362573096,937,743,39.3934690952301
75000,1000,0.989,0.8136190476190484,0.8927779157310797,0.9890000000000008,0.8190000000000006,0.8610484126984127,941,770,33.92720293998718
76000,1000,0.9933333333333333,0.7981191919191921,0.8850900441189683,0.9940000000000008,0.8070000000000006,0.8527081363081367,944,758,42.08066487312317
77000,1000,0.994,0.80488253968254,0.8895002611850745,0.9940000000000008,0.8120000000000006,0.8598258297258292,931,753,36.03973388671875
78000,1000,0.9908333333333332,0.795521428571429,0.882500123289114,0.9920000000000008,0.8030000000000006,0.8501507936507934,934,745,46.604877948760986
79000,1000,0.993,0.8104388888888889,0.8924791648055104,0.9930000000000008,0.8180000000000006,0.8639238095238091,941,767,36.93031907081604
80000,1000,0.994,0.790033333333333,0.8803570187403075,0.9940000000000008,0.7980000000000006,0.8476634920634917,938,743,40.18194794654846
81000,1000,0.9925,0.7934341991341993,0.8818728517797082,0.9940000000000008,0.8000000000000006,0.8490362026862022,938,745,34.829262018203735
82000,1000,0.9905999999999999,0.8108190476190485,0.8917384876473051,0.9910000000000008,0.8190000000000006,0.8645174603174602,942,769,33.57783818244934
83000,1000,0.9933333333333334,0.8197650793650795,0.8982413454590874,0.9940000000000008,0.8280000000000006,0.8724981240981239,941,777,37.837220907211304
84000,1000,0.9903999999999998,0.8070000000000007,0.8893432736174478,0.9910000000000008,0.8150000000000006,0.8584833333333332,934,758,35.01277279853821
85000,1000,0.9885000000000002,0.801657142857144,0.8853279600354327,0.9890000000000008,0.8080000000000006,0.8487863211951447,936,755,33.135035037994385
86000,1000,0.9876666666666667,0.7958272727272735,0.8814294821366985,0.9880000000000008,0.8030000000000006,0.8504623210123209,935,754,37.476361989974976
87000,1000,0.99,0.7938238095238096,0.8811246573038657,0.9900000000000008,0.8040000000000006,0.8512432844932845,927,743,32.208444118499756
88000,1000,0.9891666666666667,0.805222222222222,0.8877662879139703,0.9900000000000008,0.8120000000000006,0.8564743145743148,934,756,31.567944049835205
89000,1000,0.9936666666666667,0.8131166666666674,0.8943705787756637,0.9940000000000008,0.8200000000000006,0.8634437229437226,929,758,30.800843000411987
90000,1000,0.9955,0.7870297619047623,0.8790743859883461,0.9960000000000008,0.7930000000000006,0.8427214285714281,945,744,36.359325885772705
91000,1000,0.9936666666666666,0.8048965811965821,0.8893753431236745,0.9940000000000008,0.8120000000000006,0.8584107503607498,935,756,33.10787796974182
92000,1000,0.9903333333333334,0.8066000000000004,0.8890734584848262,0.9910000000000008,0.8130000000000006,0.8597119047619044,945,766,41.76646184921265
93000,1000,0.989,0.8134190476190488,0.8926574973316291,0.9890000000000008,0.8250000000000006,0.8658562881562882,923,759,38.01900291442871
94000,1000,0.9956666666666665,0.8003149477973005,0.8873664517937442,0.9960000000000008,0.8080000000000006,0.8542916457811192,946,760,31.884324073791504
95000,1000,0.9925,0.7802333333333336,0.8736582866383366,0.9930000000000008,0.7880000000000006,0.8393761904761899,948,743,31.68510413169861
96000,1000,0.9923333333333334,0.8064190476190476,0.8897683862006647,0.9930000000000008,0.8140000000000006,0.8597672438672433,937,759,39.24028491973877
97000,1000,0.9871428571428572,0.8077333333333335,0.8884715221105582,0.9880000000000008,0.8160000000000006,0.8602733211233206,926,756,31.298713207244873
98000,1000,0.9896666666666666,0.8102748006379588,0.8910311536210096,0.9900000000000008,0.8150000000000006,0.8573211954711959,947,774,31.284788846969604
99000,1000,0.991,0.795085714285714,0.8822980180122533,0.9910000000000008,0.8020000000000006,0.8496636141636137,935,747,32.38510179519653
100000,1000,0.9925,0.7879904761904772,0.8785001190148254,0.9940000000000008,0.7950000000000006,0.8437199134199127,931,741,41.18486404418945
101000,1000,0.9940000000000001,0.8116857142857149,0.893639013275527,0.9940000000000008,0.8170000000000006,0.8619849206349202,948,774,33.19465708732605
102000,1000,0.9893333333333333,0.8010683982683992,0.8853026163886253,0.9900000000000008,0.8100000000000006,0.8572330280830278,934,755,37.348280906677246
103000,1000,0.9916666666666666,0.8007777777777783,0.8860577320439708,0.9920000000000008,0.8070000000000006,0.8538981240981235,934,752,36.779016971588135
104000,1000,0.9916666666666668,0.8058523809523811,0.8891554673681628,0.9920000000000008,0.8110000000000006,0.8541928571428561,937,756,40.49493408203125
105000,1000,0.9869000000000001,0.8060315789473685,0.8873429132529203,0.9880000000000008,0.8140000000000006,0.8573715007214997,935,764,35.12621998786926
106000,1000,0.9905666666666667,0.8040707070707077,0.8876285000224203,0.9920000000000008,0.8140000000000006,0.8603240093240092,935,757,35.212220907211304
107000,1000,0.9936666666666666,0.798909523809524,0.8857082535288842,0.9940000000000008,0.8070000000000006,0.8567865079365071,934,748,37.68430209159851
108000,1000,0.9881666666666666,0.803324603174604,0.8862098395162203,0.9890000000000008,0.8120000000000006,0.8550020923520922,939,762,33.50673508644104
109000,1000,0.9926666666666666,0.8055238095238099,0.8893569902724081,0.9930000000000008,0.8140000000000006,0.8606578643578643,933,758,30.757333040237427
110000,1000,0.9923333333333333,0.7952000000000014,0.8828965054264731,0.9930000000000008,0.8030000000000006,0.8513658008658004,931,742,37.63715887069702
111000,1000,0.9953333333333333,0.8029484848484858,0.8888499942987111,0.9960000000000008,0.8080000000000006,0.8557195360195359,941,754,33.853307008743286
112000,1000,0.9926666666666666,0.7723636363636368,0.8687665419084575,0.9930000000000008,0.7780000000000006,0.832436996336996,945,731,40.8292179107666
113000,1000,0.9933333333333333,0.8133500000000009,0.894376620141881,0.9940000000000008,0.8210000000000006,0.8662325396825392,938,766,40.160799980163574
114000,1000,0.9896666666666668,0.8134999999999998,0.8929777243737868,0.9900000000000008,0.8210000000000006,0.8667961538461529,940,772,31.394815921783447
115000,1000,0.9911666666666665,0.797996320346321,0.8841534936628854,0.9920000000000008,0.8040000000000006,0.8532721500721495,941,754,29.469656944274902
116000,1000,0.9936666666666666,0.8007484848484847,0.8868372261635568,0.9940000000000008,0.8080000000000006,0.8540846153846152,940,754,29.943543910980225
117000,1000,0.994,0.7857571428571438,0.8776957048714517,0.9940000000000008,0.7930000000000006,0.8480492063492056,944,745,30.07471489906311
118000,1000,0.9901666666666666,0.8198214285714286,0.8969781108794453,0.9910000000000008,0.8260000000000006,0.8673317460317457,932,768,39.392254114151
119000,1000,0.996,0.8241333333333334,0.9019523844407004,0.9960000000000008,0.8280000000000006,0.8740087301587299,953,786,33.816827058792114
120000,1000,0.9946666666666666,0.7940507936507935,0.8831085664523899,0.9950000000000008,0.8000000000000006,0.8477243145743141,952,758,32.545981884002686
121000,1000,0.9950000000000001,0.8119023809523815,0.8941743367694519,0.9950000000000008,0.8200000000000006,0.8663829670329664,939,766,36.634647846221924
122000,1000,0.9846666666666667,0.8149472527472534,0.8918039432959375,0.9850000000000008,0.8210000000000006,0.8618861111111109,928,766,38.56377577781677
123000,1000,0.9885,0.8145111111111111,0.8931106728867142,0.9890000000000008,0.8220000000000006,0.8644512987012979,942,776,33.615248918533325
124000,1000,0.9921666666666666,0.7924000000000004,0.8811022657227715,0.9930000000000008,0.8010000000000006,0.8486706349206342,937,749,37.937981843948364
125000,1000,0.9950000000000001,0.7887380952380956,0.87994353751485,0.9950000000000008,0.7940000000000006,0.8428572649572642,946,746,38.445499897003174
126000,1000,0.987,0.8082500000000001,0.8887260827182845,0.9870000000000008,0.8150000000000006,0.855988888888888,934,763,40.18811321258545
127000,1000,0.9905,0.8103666666666673,0.8914243327286866,0.9910000000000008,0.8180000000000006,0.8609460784313719,941,769,38.31024503707886
128000,1000,0.9916666666666666,0.8307190476190478,0.9040856525938875,0.9920000000000008,0.8360000000000006,0.8761332611832603,946,791,30.29667901992798
129000,1000,0.991,0.7974555555555563,0.8837552077832522,0.9910000000000008,0.8070000000000006,0.8558480307274424,935,751,36.045849084854126
130000,1000,0.9930000000000002,0.8119151515151518,0.8933735691428458,0.9930000000000008,0.8160000000000006,0.8608498168498169,950,773,33.20328187942505
131000,1000,0.9930000000000001,0.7950023809523815,0.8830383814871882,0.9930000000000008,0.8030000000000006,0.8531531746031745,944,755,32.03446698188782
132000,1000,0.9893333333333334,0.8009523809523815,0.8852317622442107,0.9900000000000008,0.8070000000000006,0.8539221500721499,943,762,38.6536021232605
133000,1000,0.9876666666666666,0.8111484848484857,0.8907466890382956,0.9890000000000008,0.8180000000000006,0.8603329559329562,941,770,34.917200803756714
134000,1000,0.9956666666666666,0.8020666666666674,0.8884421617345304,0.9960000000000008,0.8080000000000006,0.8542857142857139,943,756,37.066624879837036
135000,1000,0.997,0.8150525252525255,0.8968916257695387,0.9970000000000008,0.8250000000000006,0.8704708347208348,939,769,34.75354313850403
136000,1000,0.9940000000000001,0.7998198412698418,0.8863999649590552,0.9940000000000008,0.8080000000000006,0.8564993506493499,944,759,35.86741399765015
137000,1000,0.9911666666666666,0.8122500000000007,0.8928331870061461,0.9920000000000008,0.8180000000000006,0.8600277056277051,936,763,32.538309812545776
138000,1000,0.9932666666666665,0.8109333333333334,0.892886652132678,0.9940000000000008,0.8200000000000006,0.8626571428571427,924,749,33.36609482765198
139000,1000,0.9930000000000001,0.803585714285715,0.8883078696893318,0.9930000000000008,0.8090000000000006,0.8563238095238086,948,765,31.507879972457886
140000,1000,0.9956666666666666,0.7836285714285719,0.8770133600248362,0.9960000000000008,0.7940000000000006,0.8486188311688312,940,742,30.87558102607727
141000,1000,0.9942666666666667,0.8238761904761916,0.9010872060274314,0.9950000000000008,0.8290000000000006,0.8732111111111103,950,783,27.731775999069214
142000,1000,0.999,0.7958948717948723,0.8859560405651931,0.9990000000000008,0.8040000000000006,0.8575253968253966,944,752,36.742932081222534
143000,1000,0.9923333333333335,0.8395666666666669,0.9095802051300715,0.9930000000000008,0.8420000000000006,0.8798547619047616,962,811,41.557029008865356
144000,1000,0.9921666666666668,0.8101666666666668,0.8919774674804267,0.9930000000000008,0.8150000000000006,0.8589634920634917,950,772,37.59046983718872
145000,1000,0.9885,0.8079428571428582,0.8891476966385959,0.9890000000000008,0.8140000000000006,0.8558373015873014,943,769,39.78991889953613
146000,1000,0.9886666666666667,0.8079000000000007,0.8891891570959427,0.9900000000000008,0.8120000000000006,0.8541857142857141,953,776,29.867763996124268
147000,1000,0.9903333333333333,0.7929803030303034,0.8807366362868355,0.9920000000000008,0.8000000000000006,0.847690964590964,939,748,32.26481914520264
148000,1000,0.9839999999999999,0.805015151515152,0.8855541647258101,0.9840000000000008,0.8100000000000006,0.8503750915750912,934,760,30.435642957687378
149000,1000,0.996,0.811219047619048,0.8941629654612719,0.9960000000000008,0.8190000000000006,0.8660436507936505,938,761,31.741751194000244
150000,1000,0.9930000000000001,0.8124564213564222,0.8937011349194562,0.9940000000000008,0.8230000000000006,0.8675807914307915,938,767,37.633689165115356
151000,1000,0.9848190476190476,0.8263500000000003,0.8986518636345113,0.9870000000000008,0.8330000000000006,0.8665181818181814,935,781,36.03176784515381
152000,1000,0.996,0.817266666666667,0.897824478841134,0.9960000000000008,0.8250000000000006,0.8672237161531273,926,755,30.287349939346313
153000,1000,0.992,0.8021333333333343,0.8870202140309161,0.9920000000000008,0.8090000000000006,0.8568158008658006,942,761,37.93950009346008
154000,1000,0.9925,0.8401333333333334,0.909982720675167,0.9930000000000008,0.8440000000000006,0.8805380230880224,945,795,33.61037588119507
155000,1000,0.9846666666666665,0.7985023809523814,0.881866673075802,0.9860000000000008,0.8070000000000006,0.8486094547964111,930,753,34.40024018287659
156000,1000,0.996,0.7893038461538464,0.880686648900532,0.9960000000000008,0.7990000000000006,0.8514539682539678,942,746,32.66551089286804
157000,1000,0.9886666666666666,0.8079055555555553,0.8891925219734287,0.9890000000000008,0.8170000000000006,0.8599370129870125,939,767,29.966238975524902
158000,1000,0.992,0.7794540404040403,0.8729759739117467,0.9920000000000008,0.7890000000000006,0.8426406759906757,939,736,31.546375036239624
159000,1000,0.9925714285714285,0.8071469696969698,0.890307085319625,0.9930000000000008,0.8130000000000006,0.8570473137973131,950,770,31.14229393005371
160000,1000,0.9903333333333334,0.8114722222222226,0.8920252113363655,0.9910000000000008,0.8180000000000006,0.8626718614718607,940,767,35.06809186935425
161000,1000,0.9935,0.7980333333333335,0.8851033937409296,0.9940000000000008,0.8030000000000006,0.8545571428571423,938,749,37.93031191825867
162000,1000,0.997,0.7958690476190476,0.8851527015092862,0.9970000000000008,0.8050000000000006,0.8564674603174597,940,749,33.42242503166199
163000,1000,0.99,0.8150357142857151,0.8940381076749574,0.9900000000000008,0.8200000000000006,0.8615366522366521,941,772,35.30271792411804
164000,1000,0.9895,0.8113523809523809,0.8916146480899256,0.9900000000000008,0.8180000000000006,0.860179365079365,931,760,32.70540404319763
165000,1000,0.994,0.7908105006105015,0.8808393242172898,0.9940000000000008,0.7990000000000006,0.8494692779442767,944,753,37.388537883758545
166000,1000,0.991,0.8100760683760685,0.8914508363708495,0.9910000000000008,0.8150000000000006,0.8593171717171714,955,781,30.507537841796875
167000,1000,0.9940000000000001,0.7754666666666675,0.8712386406450161,0.9940000000000008,0.7840000000000006,0.8359869047619045,954,744,31.857465028762817
168000,1000,0.9926666666666667,0.8037653846153854,0.8882842015191085,0.9930000000000008,0.8110000000000006,0.8581718253968246,940,761,34.11101198196411
169000,1000,0.9956666666666666,0.8150333333333337,0.8963401140136107,0.9960000000000008,0.8210000000000006,0.8665285714285709,942,768,31.900311946868896
170000,1000,0.991,0.7930666666666674,0.881053473338067,0.9910000000000008,0.8010000000000006,0.8499732489732483,933,743,34.08793902397156
171000,1000,0.9955,0.8041777777777781,0.8896692370856514,0.9960000000000008,0.8120000000000006,0.8619076479076472,950,769,37.22986698150635
172000,1000,0.9925,0.7980153846153851,0.884695296154524,0.9930000000000008,0.8090000000000006,0.8570069264069256,925,743,32.10163903236389
173000,1000,0.99,0.8100666666666673,0.8910403318395619,0.9910000000000008,0.8150000000000006,0.8587128205128202,935,761,32.667916774749756
174000,1000,0.9926666666666667,0.7871760683760692,0.8780589750879113,0.9930000000000008,0.7960000000000006,0.8460546897546897,925,733,35.51964282989502
175000,1000,0.9886666666666667,0.7859666666666669,0.8757403908162565,0.9890000000000008,0.7930000000000006,0.8412336385836379,929,734,35.24105501174927
176000,1000,0.9868333333333333,0.7919484848484856,0.8787150342363464,0.9880000000000008,0.8010000000000006,0.8468393772893766,925,739,37.11792802810669
177000,1000,0.9935,0.7995969696969703,0.8860642818756108,0.9940000000000008,0.8050000000000006,0.8547957264957259,942,754,39.41096520423889
178000,1000,0.997,0.7938318181818188,0.8838912897256992,0.9970000000000008,0.8020000000000006,0.8526336996336992,943,750,35.52809000015259
179000,1000,0.9884166666666667,0.8006380952380951,0.8846727938713757,0.9900000000000008,0.8060000000000006,0.8478730446024555,941,759,32.98257112503052
180000,1000,0.996,0.816066666666667,0.8970998859497445,0.9960000000000008,0.8210000000000006,0.8673658730158728,935,760,31.468953847885132
181000,1000,0.9891666666666666,0.8227555555555561,0.8983193212037965,0.9900000000000008,0.8300000000000006,0.8678641192141193,930,770,33.03844904899597
182000,1000,0.9879999999999999,0.8334777777777781,0.9041845632057001,0.9880000000000008,0.8390000000000006,0.8754632034632034,940,793,33.75719904899597
183000,1000,0.9861666666666667,0.808357282913165,0.8884529040170787,0.9870000000000008,0.8190000000000006,0.8597341269841265,921,755,36.6445038318634
184000,1000,0.9926666666666667,0.786338888888889,0.877537904551336,0.9930000000000008,0.7930000000000006,0.8425664247517184,949,749,38.63747596740723
185000,1000,0.9871666666666666,0.8179880952380955,0.8946496980648453,0.9880000000000008,0.8280000000000006,0.8687674603174596,929,769,32.98559594154358
186000,1000,0.9908333333333333,0.7786746031746034,0.8720353683952434,0.9920000000000008,0.7910000000000006,0.8427880572643726,922,724,38.09414601325989
187000,1000,0.9896666666666666,0.8019904761904767,0.8859990254654734,0.9910000000000008,0.8100000000000006,0.8528563492063488,934,755,38.39191389083862
188000,1000,0.994,0.7875754689754697,0.878828912717136,0.9940000000000008,0.7970000000000006,0.8489745143745138,936,741,41.26418495178223
189000,1000,0.9890000000000001,0.7789222222222225,0.871479602546618,0.9890000000000008,0.7880000000000006,0.8394679653679659,934,735,41.093684911727905
190000,1000,0.9863333333333334,0.7917803030303037,0.8784132685160336,0.9880000000000008,0.7990000000000006,0.8455218448218444,934,748,39.6671040058136
191000,1000,0.9875333333333333,0.8056000000000003,0.8873370859203631,0.9890000000000008,0.8130000000000006,0.8518123376623378,936,760,43.72991394996643
192000,1000,0.9915,0.794833333333334,0.8823406419108046,0.9920000000000008,0.7990000000000006,0.8475921855921851,930,738,35.71452784538269
193000,1000,0.9876666666666666,0.7920857142857145,0.8791297772830893,0.9890000000000008,0.8000000000000006,0.8495769119769115,937,748,33.10614800453186
194000,1000,0.9939999999999998,0.8142666666666669,0.8952010028019467,0.9950000000000008,0.8170000000000006,0.8590031746031743,951,775,36.89810299873352
195000,1000,0.9923333333333334,0.7881428571428575,0.8785294998662745,0.9930000000000008,0.7950000000000006,0.8435372294372292,934,741,39.220682859420776
196000,1000,0.9921666666666666,0.8007056277056285,0.8862130739770002,0.9930000000000008,0.8070000000000006,0.8574973137973131,947,765,33.3925940990448
197000,1000,0.993,0.7984183982683981,0.8851415953379466,0.9930000000000008,0.8090000000000006,0.8545593628593625,938,756,34.64225101470947
198000,1000,0.997,0.8105500000000003,0.8941587784570276,0.9970000000000008,0.8180000000000006,0.8662166666666663,947,770,33.73912787437439
199000,1000,0.9936666666666666,0.8161555555555556,0.8962057824382178,0.9940000000000008,0.8220000000000006,0.8695870129870124,946,776,33.636143922805786
200000,1000,0.9883333333333334,0.7921190476190484,0.8794143186366944,0.9890000000000008,0.8000000000000006,0.8457819069819064,931,743,34.87202310562134
201000,1000,0.9913333333333332,0.805839560439561,0.889013650662559,0.9920000000000008,0.8130000000000006,0.8594291486291482,941,762,34.795571088790894
202000,1000,0.9906666666666667,0.7972333333333338,0.8834862004462097,0.9910000000000008,0.8060000000000006,0.8543642857142855,938,754,36.80990219116211
203000,1000,0.9859999999999999,0.7879777777777777,0.8759366646206265,0.9870000000000008,0.7970000000000006,0.8445350535429477,928,740,41.4152250289917
204000,1000,0.9901666666666666,0.819963636363637,0.8970632216331326,0.9910000000000008,0.8260000000000006,0.8674507936507934,934,770,43.83507299423218
205000,1000,0.9924000000000001,0.8293444444444448,0.9035750641936607,0.9930000000000008,0.8350000000000006,0.8750679653679646,938,781,34.21031308174133
206000,1000,0.9965,0.8189318181818186,0.8990318982460975,0.9970000000000008,0.8280000000000006,0.8724022200022195,935,767,32.66484594345093
207000,1000,0.9835,0.8023857142857147,0.8837590711291718,0.9840000000000008,0.8100000000000006,0.8509579365079364,929,755,34.39287090301514
208000,1000,0.9935,0.8238333333333333,0.9007466067498165,0.9940000000000008,0.8280000000000006,0.8711547619047613,940,775,32.85554099082947
209000,1000,0.9895,0.8315333333333343,0.9036652083981628,0.9900000000000008,0.8370000000000006,0.8775071428571428,950,799,31.607298135757446
210000,1000,0.9901666666666666,0.8360333333333334,0.9065954866815124,0.9910000000000008,0.8400000000000006,0.8752230158730154,947,796,33.305641174316406
211000,1000,0.9884666666666666,0.7900888888888893,0.878214377876346,0.9890000000000008,0.7940000000000006,0.8376985347985344,958,765,37.35629200935364
212000,1000,0.995,0.8076285714285717,0.8915762695745896,0.9950000000000008,0.8180000000000006,0.8651349206349201,946,770,33.40913796424866
213000,1000,0.9910000000000001,0.7989857142857145,0.8846940358662082,0.9910000000000008,0.8060000000000006,0.8550488400488394,935,750,28.970516204833984
214000,1000,0.994,0.7888222222222221,0.8796045720268736,0.9940000000000008,0.7950000000000006,0.8467886002886001,943,747,29.750414848327637
215000,1000,0.9883333333333333,0.7982690476190479,0.8831913772661509,0.9890000000000008,0.8080000000000006,0.8557439560439549,932,753,35.79335308074951
216000,1000,0.993,0.8008333333333336,0.8866236179503858,0.9930000000000008,0.8100000000000006,0.8577820512820512,936,755,35.03800296783447
217000,1000,0.992,0.7977936507936513,0.8843603856079891,0.9920000000000008,0.8050000000000006,0.8523726551226548,939,754,32.18580389022827
218000,1000,0.993,0.8115555555555558,0.893155840157626,0.9930000000000008,0.8190000000000006,0.85984632034632,937,763,26.974313020706177
219000,1000,0.9905000000000002,0.8205833333333337,0.8975708369760276,0.9910000000000008,0.8260000000000006,0.8683634920634913,942,778,35.48182916641235
220000,1000,0.9900000000000001,0.8233303030303034,0.8990055464664883,0.9900000000000008,0.8280000000000006,0.8707417582417578,942,782,38.18146896362305
221000,1000,0.9875,0.8085083333333339,0.8890849383586755,0.9890000000000008,0.8170000000000006,0.856566594516594,926,754,42.180142879486084
222000,1000,0.9920000000000001,0.8100903263403268,0.8918638449844735,0.9920000000000008,0.8180000000000006,0.8629261904761902,936,766,39.32626914978027
223000,1000,0.9923333333333333,0.7833666666666675,0.8755542665490296,0.9930000000000008,0.7880000000000006,0.8404785714285703,952,748,33.298107862472534
224000,1000,0.995,0.8085023809523811,0.892108463558341,0.9950000000000008,0.8130000000000006,0.8595325396825394,952,772,28.123206853866577
225000,1000,0.9924000000000001,0.7910428571428574,0.8803544540655716,0.9930000000000008,0.8010000000000006,0.8468690221543158,921,732,35.4529230594635
226000,1000,0.9866666666666667,0.799123953823954,0.8830474958551942,0.9870000000000008,0.8070000000000006,0.8528102120102112,935,757,34.87167477607727
227000,1000,0.9926666666666666,0.8050222222222224,0.8890511933016878,0.9930000000000008,0.8150000000000006,0.8631298701298699,943,765,33.794657945632935
228000,1000,0.9933999999999998,0.8002818181818188,0.8864447976483113,0.9940000000000008,0.8050000000000006,0.8522799977799975,933,746,29.757689952850342
229000,1000,0.9865,0.7936190476190479,0.8796099244298805,0.9870000000000008,0.7990000000000006,0.8457020923520914,938,752,31.979571104049683
230000,1000,0.9890000000000001,0.8085761904761914,0.8897334717913812,0.9890000000000008,0.8170000000000006,0.8602277777777777,933,761,39.52473592758179
231000,1000,0.9893333333333334,0.8133427350427352,0.8927472809101632,0.9900000000000008,0.8200000000000006,0.8635084415584414,943,775,36.68485999107361
232000,1000,0.9901428571428571,0.8164746753246754,0.8949614993568533,0.9910000000000008,0.8250000000000006,0.8666354090354085,936,769,28.985316038131714
233000,1000,0.9925,0.8163333333333338,0.895838017138119,0.9930000000000008,0.8220000000000006,0.8666999999999992,939,771,32.08239698410034
234000,1000,0.993,0.804283333333334,0.8887339410406452,0.9930000000000008,0.8120000000000006,0.8593913419913418,931,751,34.99695801734924
235000,1000,0.9933333333333334,0.809333333333334,0.891942800788955,0.9940000000000008,0.8190000000000006,0.8656738095238088,931,756,34.43202805519104
236000,1000,0.9894999999999999,0.8003500000000001,0.8849303852278125,0.9910000000000008,0.8060000000000006,0.8522769841269835,938,758,35.84854006767273
237000,1000,0.9945,0.7981484848484851,0.8855709023723154,0.9950000000000008,0.8050000000000006,0.8559102453102445,939,753,37.93805813789368
238000,1000,0.9966666666666666,0.810065151515152,0.8937296905037253,0.9970000000000008,0.8180000000000006,0.8650169719169715,948,770,31.632367849349976
239000,1000,0.992,0.8053008658008662,0.8889535125422564,0.9920000000000008,0.8110000000000006,0.8553076312576308,943,763,31.09476900100708
240000,1000,0.997,0.8036904761904764,0.8899690594877628,0.9970000000000008,0.8110000000000006,0.8585141201935316,943,760,31.689368963241577
241000,1000,0.9936666666666667,0.8292523809523815,0.9040450263357483,0.9940000000000008,0.8350000000000006,0.8788460317460312,932,775,34.676249980926514
242000,1000,0.9913333333333333,0.8085606060606055,0.8906670146108494,0.9920000000000008,0.8160000000000006,0.8601238095238092,944,769,32.75892901420593
243000,1000,0.992,0.785541025641026,0.876780548178772,0.9920000000000008,0.7950000000000006,0.8444225274725268,935,741,41.67126202583313
244000,1000,0.98825,0.8073190476190478,0.8886687480689901,0.9890000000000008,0.8150000000000006,0.8622682539682534,941,767,34.01512598991394
245000,1000,0.9950000000000001,0.8185666666666671,0.8982011505872409,0.9950000000000008,0.8250000000000006,0.8675443722943722,946,778,29.156224966049194
246000,1000,0.9886666666666667,0.7971952380952385,0.8826666346693122,0.9890000000000008,0.8040000000000006,0.8519789054083168,936,751,37.70316505432129
247000,1000,0.9960000000000001,0.8188857142857148,0.898800585633098,0.9960000000000008,0.8250000000000006,0.8722190476190474,944,775,38.95797610282898
248000,1000,0.9912857142857143,0.8047833333333331,0.8883513943811152,0.9920000000000008,0.8120000000000006,0.8591777777777772,942,763,39.0643789768219
249000,1000,0.9936666666666666,0.8002333333333337,0.8865211983821719,0.9940000000000008,0.8050000000000006,0.8529507215007213,956,767,35.53758192062378
250000,1000,0.9914,0.8137380952380959,0.893826294782882,0.9920000000000008,0.8190000000000006,0.8621649859943974,942,770,38.48784112930298
251000,1000,0.9896666666666666,0.8054666666666673,0.8881162154467019,0.9900000000000008,0.8140000000000006,0.8612622100122094,939,766,32.855453968048096
252000,1000,0.9930666666666668,0.8041651515151514,0.8886884801233321,0.9940000000000008,0.8130000000000006,0.8615615995115989,924,744,34.13587284088135
253000,1000,0.9876000000000001,0.7926666666666671,0.8794610545236671,0.9880000000000008,0.8010000000000006,0.8501558608058599,936,749,40.62069797515869
254000,1000,0.9922857142857142,0.8011692307692316,0.8865444706147633,0.9930000000000008,0.8100000000000006,0.8581623015873012,939,759,30.537624835968018
255000,1000,0.9898333333333335,0.8157361111111114,0.8943912918618576,0.9910000000000008,0.8240000000000006,0.8650484293484286,936,770,31.96248197555542
256000,1000,0.9931666666666668,0.7891000000000004,0.8794506807810282,0.9940000000000008,0.7980000000000006,0.847973809523809,932,737,31.52433705329895
257000,1000,0.99225,0.8129476190476191,0.8936941490378972,0.9930000000000008,0.8220000000000006,0.8659765512265508,922,751,38.80255079269409
258000,1000,0.99,0.8169494949494954,0.8951882742274498,0.9900000000000008,0.8220000000000006,0.8633012987012983,948,781,36.08273196220398
259000,1000,0.9936666666666667,0.7926660173160183,0.8818579050462975,0.9940000000000008,0.8000000000000006,0.8523536630036622,938,746,35.33428883552551
260000,1000,0.991,0.8246333333333339,0.9001945693880927,0.9910000000000008,0.8300000000000006,0.869918253968254,952,792,30.293848037719727
261000,1000,0.9946666666666666,0.8120636363636367,0.8941374691599258,0.9950000000000008,0.8160000000000006,0.8615670829170821,953,775,31.393433094024658
262000,1000,0.9916666666666667,0.7928242424242422,0.8811671381816163,0.9920000000000008,0.8060000000000006,0.8584669719169716,919,735,35.096917152404785
263000,1000,0.9886666666666667,0.7945264957264967,0.8810283469840595,0.9890000000000008,0.8030000000000006,0.8491643217893218,927,745,35.041471004486084
264000,1000,0.9906666666666668,0.8051333333333337,0.8883157985917762,0.9910000000000008,0.8110000000000006,0.8583999999999998,952,773,40.45324993133545
265000,1000,0.996,0.8171777777777784,0.8977708381846485,0.9960000000000008,0.8230000000000006,0.868226695526695,943,771,34.74175786972046
266000,1000,0.9936666666666666,0.8099787878787881,0.8924691049384273,0.9940000000000008,0.8200000000000006,0.8689487179487173,932,759,38.29485607147217
267000,1000,0.9905,0.8035166666666663,0.887264062949991,0.9910000000000008,0.8100000000000006,0.8538579365079364,937,756,37.332119941711426
268000,1000,0.996,0.8037833333333337,0.8896273069906565,0.9960000000000008,0.8110000000000006,0.8612313186813179,939,754,41.31234884262085
269000,1000,0.9876666666666666,0.8012333333333337,0.8847352625138976,0.9890000000000008,0.8080000000000006,0.8503238095238095,929,750,38.443119049072266
270000,1000,0.9879999999999999,0.7898190476190484,0.8778634924546399,0.9890000000000008,0.7990000000000006,0.8457523809523807,925,736,34.84073495864868
271000,1000,0.9936666666666667,0.8264190476190475,0.9023586679155176,0.9940000000000008,0.8360000000000006,0.8769025974025972,929,772,36.82735896110535
272000,1000,0.9928333333333333,0.8072555555555556,0.8904784969466529,0.9940000000000008,0.8150000000000006,0.862560028860028,925,747,32.83859992027283
273000,1000,0.9910000000000001,0.8138174603174608,0.8937115480174317,0.9910000000000008,0.8220000000000006,0.8634290764790765,939,772,34.9775288105011
274000,1000,0.9966666666666666,0.8109318181818185,0.8942569037271118,0.9970000000000008,0.8180000000000006,0.8648567654567649,930,753,42.46074914932251
275000,1000,0.9926666666666666,0.7798190476190477,0.873463033709274,0.9930000000000008,0.7860000000000006,0.8350806934895167,948,741,37.62058210372925
276000,1000,0.9865,0.8162666666666674,0.8933458572934199,0.9870000000000008,0.8220000000000006,0.8589047619047617,944,779,33.96870493888855
277000,1000,0.9933333333333334,0.8112000000000008,0.8930752179695587,0.9940000000000008,0.8160000000000006,0.8615841269841263,935,757,38.36574983596802
278000,1000,0.9878333333333331,0.8070392857142857,0.888330792144024,0.9890000000000008,0.8180000000000006,0.8621583694083685,922,753,36.2684600353241
279000,1000,0.9926666666666668,0.7956190476190481,0.8832867160178236,0.9930000000000008,0.8020000000000006,0.8534611111111099,943,752,39.68337106704712
280000,1000,0.9916666666666666,0.803533333333334,0.8877420033670037,0.9920000000000008,0.8060000000000006,0.8527428571428568,944,759,42.69889688491821
281000,1000,0.9913333333333334,0.8067666666666675,0.8895775417261436,0.9920000000000008,0.8140000000000006,0.8599142857142855,954,776,33.91946291923523
282000,1000,0.9976666666666666,0.7965769230769234,0.8858532343463071,0.9980000000000008,0.8040000000000006,0.8543200280112033,941,749,38.646528005599976
283000,1000,0.9956666666666666,0.8122484848484852,0.8946534252300212,0.9960000000000008,0.8190000000000006,0.8655004884004885,945,768,42.222846031188965
284000,1000,0.9924,0.7830008658008666,0.8753516731786205,0.9930000000000008,0.7940000000000006,0.8457615995115992,935,736,38.38433790206909
285000,1000,0.992,0.8042500000000005,0.8883128740431456,0.9920000000000008,0.8120000000000006,0.8588420634920626,934,755,34.9523561000824
286000,1000,0.9926666666666667,0.7926142857142856,0.8814318888050166,0.9930000000000008,0.8010000000000006,0.8517174603174597,942,751,37.55881595611572
287000,1000,0.9893333333333334,0.8265746031746033,0.900659984976979,0.9900000000000008,0.8330000000000006,0.8723072816072808,934,777,34.98793601989746
288000,1000,0.9905,0.8026976190476195,0.8867644962510443,0.9910000000000008,0.8120000000000006,0.8604594516594514,939,761,30.429341077804565
289000,1000,0.9933333333333333,0.805852380952382,0.8898247972848394,0.9940000000000008,0.8120000000000006,0.8589911976911973,931,751,36.79891490936279
290000,1000,0.9926666666666666,0.8182000000000003,0.8970288996060819,0.9930000000000008,0.8230000000000006,0.8673539682539677,943,774,36.73886704444885
291000,1000,0.9858333333333332,0.8331404761904767,0.9030780415610234,0.9870000000000008,0.8390000000000006,0.8758666666666658,936,788,42.84438419342041
292000,1000,0.997,0.827046825396826,0.9041058304424274,0.9970000000000008,0.8340000000000006,0.8793759018759015,931,771,34.84889793395996
293000,1000,0.9919999999999999,0.8098033633033642,0.8916899066323741,0.9920000000000008,0.8170000000000006,0.8625825396825392,944,771,31.710479021072388
294000,1000,0.9909999999999999,0.8031500000000003,0.8872409218850152,0.9920000000000008,0.8100000000000006,0.8548992063492057,933,753,31.61019992828369
295000,1000,0.9863999999999999,0.816217532467533,0.8932754281202194,0.9870000000000008,0.8250000000000006,0.8629504884004885,931,769,31.016533136367798
296000,1000,0.997,0.8026105263157901,0.8893065283131442,0.9970000000000008,0.8080000000000006,0.8549515873015875,956,769,35.58982801437378
297000,1000,0.9866666666666667,0.7975380952380964,0.8820784147310311,0.9870000000000008,0.8050000000000006,0.8486479242979241,934,755,35.66837120056152
298000,1000,0.9944,0.7969374458874462,0.8847853853664928,0.9950000000000008,0.8030000000000006,0.85144587079587,945,755,32.429089069366455
299000,1000,0.9894666666666666,0.7958333333333338,0.882149280855381,0.9910000000000008,0.8020000000000006,0.8464404761904755,933,745,35.92669892311096
300000,1000,0.9933333333333334,0.7918142857142864,0.8811994206161426,0.9940000000000008,0.8000000000000006,0.8480832399626509,938,747,38.936535120010376
301000,1000,0.9902000000000002,0.8137666666666672,0.8933554795912715,0.9920000000000008,0.8210000000000006,0.8637567155067148,938,767,40.941900968551636
302000,1000,0.9876666666666666,0.7895500000000003,0.8775657254320897,0.9890000000000008,0.7970000000000006,0.8428078643578641,933,741,42.0649209022522
303000,1000,0.9955000000000002,0.7868,0.8789310441564272,0.9960000000000008,0.7930000000000006,0.8458309523809514,953,752,42.2042019367218
304000,1000,0.9903333333333335,0.799372222222223,0.8846650276633551,0.9920000000000008,0.8080000000000006,0.8531562515915453,937,753,36.16786193847656
305000,1000,0.9936666666666667,0.7704714285714283,0.8679499391312092,0.9940000000000008,0.7800000000000006,0.8332873015873015,940,730,32.969013929367065
306000,1000,0.991,0.7998837606837612,0.8852442846820605,0.9910000000000008,0.8090000000000006,0.8566810606060605,935,754,42.20710802078247
307000,1000,0.9920000000000001,0.818433333333334,0.896896728223446,0.9920000000000008,0.8240000000000006,0.8685467418546361,943,779,36.39347505569458
308000,1000,0.9890666666666669,0.831566666666667,0.903504133482244,0.9900000000000008,0.8370000000000006,0.873778937728937,925,772,33.32486391067505
309000,1000,0.998,0.8018008658008665,0.889206444195366,0.9980000000000008,0.8090000000000006,0.8572123931623932,947,758,35.06898498535156
310000,1000,0.993,0.8142228438228442,0.8947687737344039,0.9930000000000008,0.8210000000000006,0.8647989010989006,945,776,32.08574986457825
311000,1000,0.998,0.8106929971988798,0.89464780640771,0.9980000000000008,0.8220000000000006,0.8706420634920629,941,769,37.06804800033569
312000,1000,0.9878333333333335,0.8343231601731603,0.9046119049907131,0.9890000000000008,0.8410000000000006,0.8792200244200238,926,780,37.21159815788269
313000,1000,0.9953333333333334,0.7896373737373744,0.8806333865460643,0.9960000000000008,0.7960000000000006,0.8466430569430567,954,755,32.8741888999939
314000,1000,0.9924000000000001,0.8034454545454549,0.8879820555524622,0.9930000000000008,0.8110000000000006,0.8572170829170827,931,752,32.14361596107483
315000,1000,0.9910000000000001,0.7923055555555558,0.8805835916447298,0.9910000000000008,0.7990000000000006,0.8461878066378061,943,751,31.718631982803345
316000,1000,0.9936666666666667,0.8055615384615398,0.889781125525333,0.9940000000000008,0.8140000000000006,0.8606051587301583,929,750,34.85757803916931
317000,1000,0.9946666666666666,0.8242833333333339,0.9014949894780568,0.9950000000000008,0.8300000000000006,0.8729099567099563,951,788,33.619699001312256
318000,1000,0.9870666666666668,0.8130333333333336,0.8916372448444223,0.9880000000000008,0.8190000000000006,0.8624730158730154,927,759,35.68773007392883
319000,1000,0.9923333333333334,0.8112365800865808,0.8926929792400269,0.9930000000000008,0.8180000000000006,0.8639473137973134,950,775,38.086021900177
320000,1000,0.9890666666666668,0.7890109890109898,0.8777844616320218,0.9900000000000008,0.7990000000000006,0.8457404761904759,931,742,30.918946027755737
321000,1000,0.995,0.7902380952380956,0.88087623366231,0.9950000000000008,0.7950000000000006,0.8445769841269841,962,763,39.257099866867065
322000,1000,0.9880666666666664,0.8110000000000009,0.8908197583932413,0.9890000000000008,0.8140000000000006,0.8544761904761898,951,776,34.080060958862305
323000,1000,0.9846666666666668,0.7988151515151516,0.8820573829310163,0.9850000000000008,0.8050000000000006,0.8494655677655671,938,758,33.67202305793762
324000,1000,0.9950000000000001,0.787630532212886,0.8792538502961433,0.9950000000000008,0.7950000000000006,0.8463297410192142,946,749,41.33325481414795
325000,1000,0.997,0.8008478354978353,0.8882234371856585,0.9970000000000008,0.8100000000000006,0.857496298146298,926,740,34.66314911842346
326000,1000,0.9913333333333334,0.8163714285714292,0.8953853821473169,0.9920000000000008,0.8210000000000006,0.8663832399626514,935,765,33.27035403251648
327000,1000,0.9906666666666665,0.8204333333333342,0.8975495064386902,0.9920000000000008,0.8250000000000006,0.8696468253968249,950,786,40.22211289405823
328000,1000,0.9916666666666665,0.7942523809523814,0.8820485028827808,0.9920000000000008,0.8030000000000006,0.8499626984126978,934,746,33.34663915634155
329000,1000,0.985,0.80915,0.8884572081487055,0.9850000000000008,0.8180000000000006,0.8598826839826836,941,775,35.39798903465271
330000,1000,0.996,0.8149111111111118,0.8964012222208592,0.9960000000000008,0.8230000000000006,0.8713790764790758,937,765,32.9431939125061
331000,1000,0.9936666666666666,0.7955857142857147,0.8836618167204714,0.9940000000000008,0.8020000000000006,0.8509364357864354,941,751,38.72538113594055
332000,1000,0.995,0.7963666666666677,0.8846707355650254,0.9950000000000008,0.8020000000000006,0.8494515151515148,955,762,36.794557094573975
333000,1000,0.9886666666666667,0.8191660173160177,0.8959702332654512,0.9890000000000008,0.8240000000000006,0.8653719169719167,931,770,31.136892080307007
334000,1000,0.9853333333333334,0.7935820512820523,0.8791231495615071,0.9860000000000008,0.7980000000000006,0.8418527777777775,944,756,34.292064905166626
335000,1000,0.9916666666666667,0.8105341991341997,0.8919979595255187,0.9920000000000008,0.8190000000000006,0.8632064047064039,938,766,35.188077211380005
336000,1000,0.991,0.7943151515151521,0.881823373854714,0.9920000000000008,0.8030000000000006,0.8505703296703294,934,747,37.313080072402954
337000,1000,0.9876666666666665,0.781167532467533,0.8723634281585912,0.9880000000000008,0.7910000000000006,0.8423901709401704,925,729,35.481075048446655
338000,1000,0.9853999999999999,0.8103039215686281,0.8893152982772611,0.9870000000000008,0.8170000000000006,0.8561785714285711,933,763,32.97468304634094
339000,1000,0.9906666666666667,0.7975468253968251,0.8836786642457584,0.9910000000000008,0.8070000000000006,0.8533515873015869,937,754,35.81859803199768
340000,1000,0.9946666666666666,0.8118000000000005,0.8939776359006535,0.9950000000000008,0.8200000000000006,0.8674547619047618,944,772,33.32702589035034
341000,1000,0.9936666666666666,0.8053333333333339,0.8896418998208886,0.9940000000000008,0.8110000000000006,0.8597833333333331,944,761,34.57833909988403
342000,1000,0.9933333333333334,0.7670787878787882,0.8656665335481593,0.9940000000000008,0.7740000000000006,0.8320833333333331,954,734,45.34871697425842
343000,1000,0.9877142857142857,0.8067047619047619,0.8880799819243035,0.9900000000000008,0.8150000000000006,0.8564224664224662,939,765,46.06278705596924
344000,1000,0.996,0.8102857142857154,0.8935956975640628,0.9960000000000008,0.8140000000000006,0.8578043650793652,951,770,41.86809492111206
345000,1000,0.991,0.8200388888888895,0.897450125311746,0.9910000000000008,0.8250000000000006,0.8669132034632027,948,782,41.06857681274414
346000,1000,0.997,0.8061333333333341,0.8914647835249755,0.9970000000000008,0.8120000000000006,0.8594452380952379,959,774,35.875861167907715
347000,1000,0.9946,0.8217333333333342,0.8999405101853557,0.9950000000000008,0.8260000000000006,0.871228571428571,945,775,32.183390855789185
348000,1000,0.9956666666666668,0.8188076923076921,0.8986178521716397,0.9960000000000008,0.8250000000000006,0.8711428571428563,936,767,39.661206007003784
349000,1000,0.996,0.8324259740259748,0.9068961849238013,0.9960000000000008,0.8400000000000006,0.8836523809523809,930,776,31.41736602783203
350000,1000,0.9945,0.7963484126984135,0.8844617900799883,0.9950000000000008,0.8050000000000006,0.855900216450216,941,754,36.782668113708496
351000,1000,0.9926666666666667,0.8070803030303035,0.8903048346582955,0.9930000000000008,0.8130000000000006,0.8586147019647014,936,757,39.620726108551025
352000,1000,0.9926666666666666,0.8042373737373744,0.8885723611786456,0.9930000000000008,0.8110000000000006,0.855574009324009,947,768,34.68139290809631
353000,1000,0.9894999999999999,0.8034151515151525,0.8868007967386791,0.9910000000000008,0.8090000000000006,0.8515393051393048,948,766,36.874297857284546
354000,1000,0.992,0.8124047619047621,0.8932646829847596,0.9920000000000008,0.8200000000000006,0.8652904761904756,939,770,36.54816198348999
355000,1000,0.9965,0.7985032467532471,0.8865816670012899,0.9970000000000008,0.8060000000000006,0.8569449328449324,938,748,34.186875104904175
356000,1000,0.9949999999999999,0.8088333333333332,0.8923098955927191,0.9960000000000008,0.8150000000000006,0.8625349206349199,944,765,35.949897050857544
357000,1000,0.9910000000000001,0.7908746031746033,0.8796990880836217,0.9910000000000008,0.7990000000000006,0.8455592352092351,942,755,36.87455487251282
358000,1000,0.9896666666666667,0.7976333333333344,0.8833336566018272,0.9900000000000008,0.8040000000000006,0.8501833333333335,936,753,43.1915979385376
359000,1000,0.991,0.8038500000000004,0.8876678831100094,0.9910000000000008,0.8110000000000006,0.8555849206349206,939,759,41.9932279586792
360000,1000,0.9935,0.8136190476190482,0.8946068327645953,0.9940000000000008,0.8200000000000006,0.8631515873015873,940,768,36.534472942352295
361000,1000,0.9906666666666667,0.8017683982683983,0.886263878775437,0.9910000000000008,0.8100000000000006,0.8557068376068372,944,764,33.90512704849243
362000,1000,0.9862333333333336,0.8284428571428579,0.9004779637978183,0.9880000000000008,0.8340000000000006,0.8685927849927845,928,773,36.606574058532715
363000,1000,0.9915,0.8052333333333342,0.8887115691440026,0.9920000000000008,0.8120000000000006,0.8577444444444442,937,758,33.69642996788025
364000,1000,0.996,0.7848579365079367,0.8779122564877551,0.9960000000000008,0.7910000000000006,0.8448639971139966,954,749,34.46585488319397
365000,1000,0.9926666666666666,0.810300793650794,0.8922607928698384,0.9930000000000008,0.8160000000000006,0.8620917748917747,956,779,33.65313100814819
366000,1000,0.9931666666666666,0.7921833333333341,0.8813622881290011,0.9940000000000008,0.7990000000000006,0.8470975935828876,942,747,36.79133987426758
367000,1000,0.995,0.7899538461538466,0.8806996086949029,0.9950000000000008,0.7970000000000006,0.8495547619047614,942,747,33.873568058013916
368000,1000,0.9898333333333332,0.7935282051282055,0.8808765372989551,0.9910000000000008,0.8010000000000006,0.8499090964590957,934,748,45.675792932510376
369000,1000,0.9946666666666666,0.8081818181818182,0.8917793390930177,0.9950000000000008,0.8140000000000006,0.8607512820512816,933,753,37.54941511154175
370000,1000,0.9915,0.7929380952380959,0.8811716399987196,0.9920000000000008,0.7980000000000006,0.8477111111111105,932,743,37.028685092926025
371000,1000,0.9886666666666668,0.811216666666667,0.8911942934572923,0.9890000000000008,0.8210000000000006,0.8649611111111104,935,768,39.022692918777466
372000,1000,0.9920000000000001,0.807544444444445,0.8903187596860938,0.9920000000000008,0.8150000000000006,0.8605692640692635,938,761,42.66792607307434
373000,1000,0.9896666666666667,0.8089948717948723,0.8902567170079939,0.9900000000000008,0.8140000000000006,0.8600567460317461,934,759,40.753418922424316
374000,1000,0.993,0.8105153846153851,0.8925255462622146,0.9930000000000008,0.8170000000000006,0.8626749999999997,941,766,43.18926501274109
375000,1000,0.9895000000000003,0.7970129870129875,0.8828867815486168,0.9910000000000008,0.8070000000000006,0.8522825396825396,933,750,41.10211110115051
376000,1000,0.9870000000000001,0.7830004329004334,0.8732443370155952,0.9880000000000008,0.7910000000000006,0.8399503052503048,938,743,40.506455183029175
377000,1000,0.996,0.8147500000000008,0.8963037415435597,0.9960000000000008,0.8190000000000006,0.8652912698412697,942,765,46.37275695800781
378000,1000,0.9913333333333333,0.8037777777777776,0.8877575307419326,0.9920000000000008,0.8110000000000006,0.8552264069264066,940,759,45.07612609863281
379000,1000,0.9935,0.7932666666666666,0.8821637968024177,0.9940000000000008,0.8040000000000006,0.852398917748918,939,750,50.52675199508667
380000,1000,0.9910666666666667,0.8031269841269842,0.8872535946347802,0.9920000000000008,0.8100000000000006,0.8586909812409802,940,760,44.347411155700684
381000,1000,0.9873333333333334,0.7858500000000005,0.8751445892979673,0.9880000000000008,0.7960000000000006,0.8457519480519479,925,736,42.59032392501831
382000,1000,0.9940000000000001,0.8528833333333333,0.9180504453448604,0.9940000000000008,0.8580000000000007,0.8925071428571424,938,802,41.95028901100159
383000,1000,0.9920000000000001,0.8074666666666669,0.8902714878482515,0.9920000000000008,0.8160000000000006,0.8620349206349198,932,757,47.13071298599243
384000,1000,0.9901666666666668,0.7948666666666668,0.8818328073549826,0.9910000000000008,0.8010000000000006,0.8470109243697473,937,747,52.354552030563354
385000,1000,0.9843333333333335,0.8001888888888892,0.8827601993271362,0.9850000000000008,0.8070000000000006,0.8499991341991336,937,761,43.77080583572388
386000,1000,0.997,0.8015341991341998,0.8886454279507077,0.9970000000000008,0.8110000000000006,0.859801328736623,930,744,43.25116991996765
387000,1000,0.9913333333333334,0.7934415750915753,0.8814165615258873,0.9920000000000008,0.8020000000000006,0.8486980158730159,940,750,45.01310205459595
388000,1000,0.995,0.7975352941176469,0.8853913451535943,0.9950000000000008,0.8030000000000006,0.8526757727652461,942,752,42.014508962631226
389000,1000,0.9858333333333333,0.7958746031746036,0.8807276399079657,0.9870000000000008,0.8040000000000006,0.848852092352092,937,754,46.1433310508728
390000,1000,0.9899999999999999,0.7947555555555558,0.8816983340388973,0.9910000000000008,0.8030000000000006,0.8481237715500876,942,758,39.238983154296875
391000,1000,0.9931666666666668,0.8152532467532471,0.8954583430082949,0.9940000000000008,0.8240000000000006,0.8689687423687422,949,782,46.60856509208679
392000,1000,0.9925,0.8279023809523814,0.9027598751715021,0.9930000000000008,0.8370000000000006,0.8791611111111106,941,785,46.240020990371704
393000,1000,0.9908333333333332,0.8115344322344327,0.8922655874866005,0.9920000000000008,0.8170000000000006,0.859737626262626,948,774,40.32326006889343
394000,1000,0.9875000000000002,0.79998888888889,0.8839093016895218,0.9880000000000008,0.8070000000000006,0.8522012987012988,938,758,43.044503927230835
395000,1000,0.996,0.7923166666666673,0.882558905488402,0.9960000000000008,0.8000000000000006,0.8536785714285712,954,758,38.79260516166687
396000,1000,0.9913333333333334,0.8025561771561783,0.8870119208962766,0.9920000000000008,0.8100000000000006,0.8559300699300697,936,755,39.183960914611816
397000,1000,0.9883333333333334,0.8159131313131317,0.8938846887962781,0.9890000000000008,0.8250000000000006,0.869309235209235,928,766,37.43672490119934
398000,1000,0.9956666666666666,0.8040349206349205,0.8896483449931146,0.9960000000000008,0.8110000000000006,0.8581234487734484,938,756,31.90412402153015
399000,1000,0.992,0.8112333333333339,0.8925561121688822,0.9920000000000008,0.8180000000000006,0.8627119047619045,943,772,46.88091778755188
400000,1000,0.9866000000000001,0.8124000000000009,0.8910659699833247,0.9870000000000008,0.8190000000000006,0.8588245310245312,936,767,34.57759499549866
401000,1000,0.9893333333333335,0.7849785714285721,0.8753877653443123,0.9900000000000008,0.7920000000000006,0.8418086580086572,933,740,32.194684982299805
402000,1000,0.9966666666666666,0.8249000000000002,0.9026848683367797,0.9970000000000008,0.8330000000000006,0.8802999999999992,936,772,33.29164481163025
403000,1000,0.9883333333333334,0.8106833333333339,0.8907370075627739,0.9890000000000008,0.8190000000000006,0.8622548340548339,934,764,43.8294141292572
404000,1000,0.994,0.8019801587301592,0.8877250385008852,0.9940000000000008,0.8120000000000006,0.8620631313131312,942,762,49.41150116920471
405000,1000,0.9911666666666668,0.8233040404040401,0.8994705929398857,0.9920000000000008,0.8290000000000006,0.8712906759906754,929,768,37.791290044784546
406000,1000,0.9920000000000002,0.7864151515151524,0.8773247682223027,0.9920000000000008,0.7910000000000006,0.8399599400599393,950,750,36.65178322792053
407000,1000,0.9920000000000001,0.8046000000000004,0.8885263275075145,0.9920000000000008,0.8130000000000006,0.8591749084249081,943,764,37.347522020339966
408000,1000,0.996,0.8065000000000008,0.8912887656033293,0.9960000000000008,0.8110000000000006,0.856324134199134,945,760,38.131258964538574
409000,1000,0.994,0.7744888888888896,0.8706211957477825,0.9940000000000008,0.7800000000000006,0.8323512987012983,955,742,34.712430000305176
410000,1000,0.9963333333333334,0.79895,0.8867909615009703,0.9970000000000008,0.8100000000000006,0.859133333333333,932,747,37.19395589828491
411000,1000,0.9953333333333333,0.8150079365079363,0.8961896628569842,0.9960000000000008,0.8240000000000006,0.8710314574314568,941,769,31.613421201705933
412000,1000,0.9872857142857142,0.8044047619047628,0.886511750199808,0.9880000000000008,0.8100000000000006,0.8542630647130638,935,759,33.417377948760986
413000,1000,0.991,0.8162000000000001,0.8951463036741922,0.9910000000000008,0.8220000000000006,0.8656063492063488,930,763,40.95524311065674
414000,1000,0.993,0.8143333333333335,0.8948354850608633,0.9930000000000008,0.8190000000000006,0.8638476190476189,942,769,41.9916250705719
415000,1000,0.9913333333333334,0.7951857142857144,0.8824916877460558,0.9920000000000008,0.8050000000000006,0.8527045454545449,921,736,37.56275701522827
416000,1000,0.9879999999999999,0.8273000000000004,0.9005369911309428,0.9880000000000008,0.8330000000000006,0.8711301587301586,942,788,30.46963596343994
417000,1000,0.997,0.7982722943722942,0.8866370633402448,0.9970000000000008,0.8050000000000006,0.8527298534798532,945,753,37.615745067596436
418000,1000,0.9890000000000001,0.8338000000000003,0.9047928461707265,0.9890000000000008,0.8390000000000006,0.8748716791979946,942,793,31.196381092071533
419000,1000,0.9862500000000001,0.8086965811965822,0.8886916318962906,0.9870000000000008,0.8180000000000006,0.8600339869281038,927,761,30.10439896583557
420000,1000,0.9921666666666666,0.8218666666666669,0.8990228526977944,0.9930000000000008,0.8290000000000006,0.8709968253968254,942,779,38.920835971832275
421000,1000,0.9867333333333332,0.8038948717948731,0.885979416859385,0.9880000000000008,0.8120000000000006,0.8543948879551815,926,751,31.678697109222412
422000,1000,0.992,0.815116666666667,0.8949015282171418,0.9920000000000008,0.8240000000000006,0.8671023088023078,941,774,33.125946044921875
423000,1000,0.9866666666666666,0.7987333333333343,0.882808956598584,0.9870000000000008,0.8060000000000006,0.8485682539682537,937,757,36.852420806884766
424000,1000,0.9906666666666667,0.8052222222222228,0.888369898327456,0.9910000000000008,0.8140000000000006,0.8608173881673875,935,760,30.676419973373413
425000,1000,0.9945000000000002,0.8267615384615383,0.9029064004662871,0.9950000000000008,0.8340000000000006,0.8753393745143742,928,768,34.28050088882446
426000,1000,0.9904000000000001,0.791066666666667,0.8795813487014447,0.9910000000000008,0.7930000000000006,0.8417952380952375,961,763,40.81182408332825
427000,1000,0.9906666666666668,0.8180666666666676,0.8961314117921695,0.9910000000000008,0.8220000000000006,0.8631825396825392,942,774,39.045149087905884
428000,1000,0.9914,0.792816666666667,0.8810571698130834,0.9920000000000008,0.8010000000000006,0.8533349206349199,948,757,30.838863134384155
429000,1000,0.9953333333333335,0.7898999999999998,0.8807966839068656,0.9960000000000008,0.7990000000000006,0.8495190476190473,945,749,33.25571799278259
430000,1000,0.9936666666666667,0.8056388888888891,0.8898283082464945,0.9940000000000008,0.8120000000000006,0.8552853535353531,939,758,33.90407109260559
431000,1000,0.995,0.8186333333333341,0.8982412836111677,0.9950000000000008,0.8230000000000006,0.8682715506715499,939,768,34.17691111564636
432000,1000,0.993,0.790052380952382,0.8799764074981111,0.9930000000000008,0.7970000000000006,0.845828499278499,940,744,31.262069940567017
433000,1000,0.9936666666666666,0.8121666666666673,0.8937956006768193,0.9940000000000008,0.8180000000000006,0.863473809523809,946,771,36.96601390838623
434000,1000,0.9966666666666667,0.7922595238095241,0.8827850617134428,0.9970000000000008,0.8030000000000006,0.8529348370927321,936,746,32.99274682998657
435000,1000,0.9966666666666666,0.8024166666666672,0.8890549199437988,0.9970000000000008,0.8090000000000006,0.8572597902097899,943,756,42.351516008377075
436000,1000,0.994,0.8050746753246764,0.8896175775786621,0.9940000000000008,0.8140000000000006,0.859864774114774,937,759,39.03816604614258
437000,1000,0.997,0.7977636363636365,0.8863232231137045,0.9970000000000008,0.8060000000000006,0.8580909645909641,948,758,36.51891279220581
438000,1000,0.9916666666666666,0.7930076923076936,0.8812804318248112,0.9920000000000008,0.8000000000000006,0.8471872294372291,939,750,38.526057958602905
439000,1000,0.9893333333333333,0.8210000000000005,0.8973404529552571,0.9900000000000008,0.8300000000000006,0.8708801587301583,935,775,39.637155055999756
440000,1000,0.993,0.7932857142857151,0.8819784069097893,0.9930000000000008,0.7980000000000006,0.845747619047619,945,752,34.523417949676514
441000,1000,0.9936666666666666,0.8213000000000005,0.8992985362449267,0.9940000000000008,0.8270000000000006,0.8701880952380945,938,774,35.70875883102417
442000,1000,0.9916666666666667,0.8033818181818189,0.8876495274880737,0.9920000000000008,0.8080000000000006,0.8536956543456538,943,759,32.501802921295166
443000,1000,0.9936666666666667,0.7992952380952392,0.8859452426861297,0.9940000000000008,0.8070000000000006,0.8557474535268647,946,760,34.36065101623535
444000,1000,0.995,0.8124000000000006,0.8944760429346025,0.9950000000000008,0.8180000000000006,0.864111904761904,951,775,40.360170125961304
445000,1000,0.9876666666666665,0.8073214285714286,0.8884342647185615,0.9880000000000008,0.8130000000000006,0.8570896825396822,941,768,34.01561379432678
446000,1000,0.996,0.7908303030303043,0.881636023837709,0.9960000000000008,0.7960000000000006,0.8445949795302738,940,742,32.396652936935425
447000,1000,1.0,0.8115333333333332,0.8959629043535862,1.0000000000000007,0.8170000000000006,0.866299206349206,940,761,36.30005097389221
448000,1000,0.9961666666666666,0.8105888888888891,0.8938471272426123,0.9970000000000008,0.8160000000000006,0.866091774891774,947,766,38.264607191085815
449000,1000,0.9886666666666666,0.8272666666666675,0.9007940575400472,0.9890000000000008,0.8310000000000006,0.8699833333333333,947,791,35.70115303993225
450000,1000,0.996,0.8082666666666665,0.892366538575229,0.9960000000000008,0.8120000000000006,0.856434126984126,952,768,30.758654832839966
451000,1000,0.994,0.7998151515151526,0.8863970849332478,0.9940000000000008,0.8060000000000006,0.8569227106227103,949,762,37.128663063049316
452000,1000,0.9896666666666666,0.7894023310023314,0.8782629280883318,0.9900000000000008,0.7990000000000006,0.8495806471306463,941,751,44.91234803199768
453000,1000,0.998,0.7909968253968258,0.8825223393797005,0.9980000000000008,0.7980000000000006,0.850794949494949,955,757,34.41576099395752
454000,1000,0.9886666666666667,0.809971428571429,0.8904423346765016,0.9900000000000008,0.8190000000000006,0.8601984126984125,932,761,33.377694845199585
455000,1000,0.9906666666666666,0.809316666666667,0.8908560758278627,0.9910000000000008,0.8180000000000006,0.8629047619047616,931,759,34.36017107963562
456000,1000,0.993,0.8019388888888885,0.8873007561384013,0.9930000000000008,0.8080000000000006,0.8558298701298696,940,756,31.708369970321655
457000,1000,0.9926666666666666,0.7969523809523817,0.8841077820942654,0.9930000000000008,0.8010000000000006,0.8463126984126979,953,761,33.08343005180359
458000,1000,0.9933333333333333,0.8019582251082258,0.8874456443524454,0.9940000000000008,0.8120000000000006,0.8578730158730155,925,747,38.84468483924866
459000,1000,0.993,0.7956803030303036,0.8834564114901035,0.9930000000000008,0.8040000000000006,0.85318144078144,936,749,42.030224084854126
460000,1000,0.994,0.7911500000000005,0.8810498837632695,0.9940000000000008,0.7960000000000006,0.8447611111111106,946,749,33.784451961517334
461000,1000,0.9876666666666667,0.8064694932518466,0.8879181568968365,0.9880000000000008,0.8160000000000006,0.8605008643403373,918,747,36.92176795005798
462000,1000,0.988,0.8034888888888895,0.8862427527692675,0.9890000000000008,0.8120000000000006,0.8585095238095231,926,753,35.34849691390991
463000,1000,0.9936666666666666,0.8134115384615388,0.8945489240671124,0.9940000000000008,0.8200000000000006,0.8661583333333326,932,758,39.978907108306885
464000,1000,0.9913333333333334,0.7766238095238098,0.8709408742760232,0.9920000000000008,0.7840000000000006,0.8357475256769373,941,735,38.59655213356018
465000,1000,0.9950000000000001,0.7788025641025638,0.8737258215365221,0.9950000000000008,0.7880000000000006,0.8404415945165938,945,741,30.802132844924927
466000,1000,0.9951666666666668,0.8200000000000004,0.8991313928932149,0.9960000000000008,0.8240000000000006,0.8660882395382391,947,776,32.10920000076294
467000,1000,0.9845,0.8163818181818185,0.892593719238555,0.9850000000000008,0.8250000000000006,0.862867948717948,935,776,29.761948108673096
468000,1000,0.9906666666666668,0.808333333333334,0.8902600209993211,0.9910000000000008,0.8130000000000006,0.8583627705627702,948,771,32.19355583190918
469000,1000,0.993,0.7956404761904763,0.883431861656033,0.9940000000000008,0.8020000000000006,0.8512428571428573,952,761,34.930524826049805
470000,1000,0.9886666666666668,0.811281818181818,0.891233607695843,0.9890000000000008,0.8170000000000006,0.8588777777777771,940,772,37.71677803993225
471000,1000,0.992,0.7772580086580092,0.8715969528645319,0.9920000000000008,0.7870000000000006,0.8398068376068374,933,729,41.690561056137085
472000,1000,0.9911333333333334,0.8103380952380955,0.8916634310400584,0.9920000000000008,0.8190000000000006,0.8626453601953596,931,758,44.75989508628845
473000,1000,0.9893333333333334,0.7940722943722952,0.8810134696161936,0.9900000000000008,0.8050000000000006,0.8510852480852477,940,756,32.42790484428406
474000,1000,0.9936666666666666,0.8051833333333338,0.8895503670554957,0.9940000000000008,0.8130000000000006,0.8594476190476186,938,757,46.06954383850098
475000,1000,0.9881666666666667,0.805185714285715,0.887341151448206,0.9890000000000008,0.8090000000000006,0.851044494394494,943,763,32.68182706832886
476000,1000,0.9900000000000002,0.8119166666666675,0.8921583499051942,0.9910000000000008,0.8190000000000006,0.8624705627705624,936,764,33.88364601135254
477000,1000,0.9860000000000001,0.8129880952380966,0.8911746153591644,0.9860000000000008,0.8200000000000006,0.8621884920634916,929,765,40.56932592391968
478000,1000,0.995,0.7996481684981697,0.88669182252197,0.9950000000000008,0.8090000000000006,0.8576865546218483,946,762,42.40806794166565
479000,1000,0.9940000000000001,0.8103239538239536,0.8928130764921366,0.9940000000000008,0.8180000000000006,0.86578411033411,940,765,35.09851002693176
480000,1000,0.9936666666666666,0.8189040404040409,0.8978603096407712,0.9940000000000008,0.8250000000000006,0.8703184537684533,940,772,35.649253129959106
481000,1000,0.9881000000000001,0.808145454545455,0.8891084696867712,0.9890000000000008,0.8160000000000006,0.8590182539682534,932,758,42.4084198474884
482000,1000,0.9881666666666666,0.7864428571428572,0.8758395649747228,0.9890000000000008,0.7950000000000006,0.843407142857142,938,745,38.546836137771606
483000,1000,0.9917333333333332,0.8122738095238102,0.8930774092419482,0.9930000000000008,0.8200000000000006,0.8664897435897433,929,756,40.88537383079529
484000,1000,0.9892666666666666,0.7804666666666675,0.872549149903313,0.9900000000000008,0.7880000000000006,0.8376515151515146,945,742,42.742019176483154
485000,1000,0.9864,0.8040523809523816,0.8859406449553854,0.9870000000000008,0.8110000000000006,0.8537515873015873,930,755,40.06281590461731
486000,1000,0.9885000000000002,0.7813395604395612,0.8727956734142418,0.9890000000000008,0.7920000000000006,0.8437349206349198,933,737,40.66621994972229
487000,1000,0.9923333333333333,0.8093190476190478,0.8915307711351398,0.9930000000000008,0.8180000000000006,0.8626929792429792,927,753,41.47003388404846
488000,1000,0.9849666666666668,0.7880428571428577,0.8755688401748981,0.9870000000000008,0.7940000000000006,0.8396007215007207,946,753,35.57999110221863
489000,1000,0.9935,0.8094000000000005,0.8920504742359535,0.9940000000000008,0.8150000000000006,0.8617404761904758,953,775,40.60476016998291
490000,1000,0.9914,0.7889888888888887,0.8786884588260991,0.9920000000000008,0.7980000000000006,0.8469796536796534,936,743,37.530604124069214
491000,1000,0.9940000000000001,0.8020222222222227,0.8877508073396769,0.9940000000000008,0.8110000000000006,0.8605571428571422,942,760,35.54889512062073
492000,1000,0.993,0.7959873015873018,0.8836456131073536,0.9930000000000008,0.8040000000000006,0.8536010101010092,940,751,34.37185597419739
493000,1000,0.9856666666666667,0.798200865800866,0.8820834197661551,0.9870000000000008,0.8080000000000006,0.8532147741147739,928,748,36.00500297546387
494000,1000,0.9956666666666666,0.7969666666666669,0.8853044620886716,0.9960000000000008,0.8030000000000006,0.8505896825396824,941,751,32.67492198944092
495000,1000,0.9955,0.8242000000000004,0.9017872176732431,0.9960000000000008,0.8300000000000006,0.8738571428571426,936,770,36.89850401878357
496000,1000,0.9956666666666666,0.8099674603174597,0.8932680095825863,0.9960000000000008,0.8180000000000006,0.8655564935064934,932,757,37.64741396903992
497000,1000,0.9924,0.8273523809523815,0.902391458806536,0.9930000000000008,0.8330000000000006,0.8758435786435781,938,778,31.16380000114441
498000,1000,0.9955,0.8196095238095245,0.8990325600186796,0.9960000000000008,0.8260000000000006,0.8699531024531021,939,770,32.62371301651001
499000,1000,0.995,0.7921333333333334,0.8820524489872048,0.9950000000000008,0.8010000000000006,0.8505595238095236,942,749,39.438206911087036
500000,1000,0.9935,0.7789174825174823,0.8732192347617354,0.9940000000000008,0.7870000000000006,0.8384766788766786,941,737,37.42965292930603
501000,1000,0.9955,0.8236190476190481,0.9014393675641013,0.9960000000000008,0.8330000000000006,0.8765341269841266,932,769,35.990445137023926
502000,1000,0.993,0.8104277777777784,0.8924724275068777,0.9930000000000008,0.8180000000000006,0.8646463203463196,954,780,36.08783984184265
503000,1000,0.995,0.802613636363637,0.8885119160503195,0.9950000000000008,0.8080000000000006,0.8535416860916859,938,754,48.203243017196655
504000,1000,0.9903999999999998,0.7907285714285723,0.8793723145036458,0.9910000000000008,0.7990000000000006,0.8493999999999988,934,742,36.6804780960083
505000,1000,0.9862857142857143,0.8041000000000001,0.8859234482593537,0.9870000000000008,0.8100000000000006,0.8513174603174601,937,761,34.93998384475708
506000,1000,0.9888000000000001,0.788221428571429,0.877190714799645,0.9900000000000008,0.7960000000000006,0.843942063492063,934,742,35.39287996292114
507000,1000,0.9833333333333334,0.8010571428571428,0.8828854457437781,0.9840000000000008,0.8110000000000006,0.8544238095238091,929,757,34.205260038375854
508000,1000,0.992,0.8214000000000005,0.8986751957648618,0.9920000000000008,0.8280000000000006,0.8695816738816735,938,775,46.23273706436157
509000,1000,0.9871666666666666,0.8125000000000004,0.8913571957769961,0.9880000000000008,0.8190000000000006,0.8592571428571425,941,772,39.56215715408325
510000,1000,0.9916666666666668,0.81344696969697,0.8937589619837024,0.9920000000000008,0.8210000000000006,0.86631968031968,940,771,34.88021492958069
511000,1000,0.9933333333333333,0.8117166666666671,0.8933882410151767,0.9940000000000008,0.8180000000000006,0.865099206349206,940,766,32.62072706222534
512000,1000,0.9895,0.7966333333333333,0.8826537959092267,0.9900000000000008,0.8050000000000006,0.8510944444444442,938,753,37.47800803184509
513000,1000,0.99,0.8331757575757578,0.9048430976251897,0.9910000000000008,0.8390000000000006,0.875701587301587,931,781,33.19793701171875
514000,1000,0.9843333333333333,0.7994666666666669,0.8823205391735497,0.9860000000000008,0.8100000000000006,0.8543763736263732,925,749,34.80712604522705
515000,1000,0.9896666666666666,0.796619047619048,0.882711327930618,0.9900000000000008,0.8030000000000006,0.851161904761904,931,744,34.47839713096619
516000,1000,0.9881666666666666,0.8055500000000009,0.8875623147468483,0.9890000000000008,0.8090000000000006,0.8543722689075627,934,754,34.925297021865845
517000,1000,0.9896666666666666,0.8181579365079369,0.8957767655211906,0.9900000000000008,0.8240000000000006,0.8687838383838378,936,770,43.78816080093384
518000,1000,0.983,0.7891000000000005,0.8754419050843635,0.9840000000000008,0.7940000000000006,0.8393348484848479,940,751,39.371925830841064
519000,1000,0.991,0.8119571428571434,0.8925886361295335,0.9910000000000008,0.8180000000000006,0.8612114163614156,934,762,31.977606058120728
520000,1000,0.9900000000000001,0.790759401709402,0.8792336650766254,0.9900000000000008,0.7970000000000006,0.8447108225108217,948,757,36.52980709075928
521000,1000,0.9894999999999999,0.8009303030303033,0.8852849882032762,0.9900000000000008,0.8080000000000006,0.8515631868131865,940,759,33.0739209651947
522000,1000,0.9920000000000001,0.8022076923076928,0.8870656771576915,0.9920000000000008,0.8070000000000006,0.8530658730158727,952,768,35.180553913116455
523000,1000,0.9916666666666666,0.8118158730158731,0.8927735345665734,0.9920000000000008,0.8180000000000006,0.8645949494949492,935,763,31.317806005477905
524000,1000,0.9936666666666667,0.8130934065934071,0.894356508067484,0.9940000000000008,0.8200000000000006,0.8652277777777776,939,769,40.64832091331482
525000,1000,0.9930000000000001,0.7914238095238099,0.8808264479130253,0.9930000000000008,0.7990000000000006,0.8455317460317456,943,750,34.68374586105347
526000,1000,0.9946666666666666,0.7896857142857147,0.880402397561874,0.9950000000000008,0.7970000000000006,0.847830409356725,945,748,34.10186696052551
527000,1000,0.9896666666666666,0.8075166666666672,0.8893609382583243,0.9900000000000008,0.8130000000000006,0.8537050283050278,935,763,32.2105929851532
528000,1000,0.9936,0.8015857142857145,0.8873238678051615,0.9940000000000008,0.8090000000000006,0.8533499999999994,937,753,35.597174882888794
529000,1000,0.9901666666666665,0.8145666666666673,0.8938237535862488,0.9910000000000008,0.8210000000000006,0.8656968253968246,934,764,40.263981103897095
530000,1000,0.9903333333333334,0.8289500000000005,0.9024837435986702,0.9910000000000008,0.8340000000000006,0.8717444444444443,946,789,42.57987713813782
531000,1000,0.9916666666666666,0.8038238095238098,0.8879192491948524,0.9930000000000008,0.8110000000000006,0.8585579365079357,951,770,38.11797094345093
532000,1000,0.9861666666666669,0.8050000000000003,0.8864213268819207,0.9870000000000008,0.8110000000000006,0.8571119047619042,937,761,36.26348280906677
533000,1000,0.9938333333333333,0.7997976190476193,0.8863200455757256,0.9950000000000008,0.8100000000000006,0.8589616883116875,936,751,31.911391019821167
534000,1000,0.9956666666666666,0.7941222222222221,0.8835466918299901,0.9960000000000008,0.7980000000000006,0.8463633255633249,953,756,35.84634304046631
535000,1000,0.9926666666666666,0.8035357142857146,0.8881439279962355,0.9930000000000008,0.8110000000000006,0.8560263347763345,938,756,37.817706823349
536000,1000,0.9905000000000003,0.7857746031746038,0.8763394387933373,0.9910000000000008,0.7930000000000006,0.8397592352092348,948,750,39.59966588020325
537000,1000,0.995,0.8041901515151519,0.8894770795446271,0.9950000000000008,0.8130000000000006,0.8608068376068372,924,749,37.63479709625244
538000,1000,0.9906666666666666,0.8196365079365079,0.8970724667416636,0.9910000000000008,0.8250000000000006,0.8671699855699851,939,773,36.434701919555664
539000,1000,0.999,0.8050500000000006,0.8915994013469697,0.9990000000000008,0.8150000000000006,0.8653007936507932,938,755,34.399312019348145
540000,1000,0.993,0.792535714285715,0.8815146714671472,0.9940000000000008,0.8020000000000006,0.8520394660894655,927,738,34.58358097076416
541000,1000,0.993,0.8115350649350654,0.8931434308365939,0.9940000000000008,0.8180000000000006,0.8614154956154952,947,772,34.61781287193298
542000,1000,0.9905,0.8115444444444447,0.8921364561239088,0.9910000000000008,0.8190000000000006,0.8636314574314571,929,759,36.716450929641724
543000,1000,0.9893333333333333,0.7953000000000002,0.8817685799137079,0.9900000000000008,0.8040000000000006,0.8504372294372289,938,752,32.50692296028137
544000,1000,0.9881666666666667,0.7971190476190487,0.8824206298400513,0.9890000000000008,0.8050000000000006,0.8516793650793646,927,746,38.19027400016785
545000,1000,0.994,0.7767222222222229,0.8720304960311238,0.9940000000000008,0.7820000000000006,0.8333989644342582,940,729,39.26959180831909
546000,1000,0.9936666666666666,0.7871000000000006,0.8784025981318911,0.9940000000000008,0.7940000000000006,0.844820418470418,946,747,41.47463417053223
547000,1000,0.9946666666666666,0.8163857142857146,0.8967511549454278,0.9950000000000008,0.8220000000000006,0.8672968253968255,944,772,37.481695890426636
548000,1000,0.9926666666666667,0.7924523809523812,0.8813317683672337,0.9930000000000008,0.7990000000000006,0.8479031746031742,947,755,40.93375086784363
549000,1000,0.9903333333333332,0.7959523809523815,0.8825667342006116,0.9910000000000008,0.8020000000000006,0.8482072649572651,938,751,42.33600187301636
550000,1000,0.99,0.8071538461538471,0.8892753499122549,0.9900000000000008,0.8130000000000006,0.856437662337662,931,755,45.4089138507843
551000,1000,0.9906666666666667,0.7959333333333337,0.8826873639563668,0.9910000000000008,0.8030000000000006,0.8500428571428565,945,757,38.8148250579834
552000,1000,0.997,0.8078333333333337,0.8925032782343709,0.9970000000000008,0.8130000000000006,0.860773809523809,948,765,34.35854387283325
553000,1000,0.9965,0.7994606060606068,0.887171457158911,0.9970000000000008,0.8070000000000006,0.8545880952380946,939,751,42.45862603187561
554000,1000,0.9913333333333333,0.790935714285715,0.8798682097326446,0.9920000000000008,0.8000000000000006,0.8491777777777776,931,739,35.5219829082489
555000,1000,0.9916666666666667,0.7961166666666665,0.8831969136205294,0.9920000000000008,0.8030000000000006,0.8522449494949486,939,752,33.11490797996521
556000,1000,0.9891666666666667,0.8089666666666677,0.8900372917593561,0.9900000000000008,0.8140000000000006,0.851853896103896,941,768,40.834092140197754
557000,1000,0.9903333333333333,0.7910888888888898,0.8795687923091002,0.9910000000000008,0.8000000000000006,0.8505854256854251,931,741,36.394140005111694
558000,1000,0.987,0.8278951159951166,0.9004735009594668,0.9880000000000008,0.8360000000000006,0.8742604562104558,931,779,38.11852788925171
559000,1000,0.995,0.8051309523809522,0.8900522448763648,0.9950000000000008,0.8140000000000006,0.8602981962481958,943,762,36.646450996398926
560000,1000,0.9883333333333337,0.8120199134199136,0.8915432004365348,0.9890000000000008,0.8160000000000006,0.855661022311022,939,767,40.97154903411865
561000,1000,0.9911666666666666,0.8123047619047622,0.8928662693729115,0.9920000000000008,0.8180000000000006,0.8627031746031739,938,768,38.332643032073975
562000,1000,0.9886666666666667,0.8040166666666668,0.8868320054046851,0.9890000000000008,0.8100000000000006,0.8534363858363853,941,763,33.50510001182556
563000,1000,0.9906666666666667,0.8143934065934071,0.8939230482319344,0.9910000000000008,0.8220000000000006,0.8626809523809521,938,770,35.1902551651001
564000,1000,0.9846666666666666,0.807866666666667,0.8875476544679164,0.9860000000000008,0.8140000000000006,0.8544896825396818,935,768,40.62268400192261
565000,1000,0.9899999999999999,0.7810000000000006,0.8731677018633545,0.9910000000000008,0.7890000000000006,0.8395193528693526,940,740,35.21561002731323
566000,1000,0.9867999999999998,0.7889857142857152,0.8768750605365839,0.9880000000000008,0.7950000000000006,0.8393442577030809,945,752,33.67368507385254
567000,1000,0.9916666666666666,0.813866666666667,0.8940122339967264,0.9920000000000008,0.8220000000000006,0.8650691697191693,931,763,35.72193789482117
568000,1000,0.9943333333333333,0.8013595238095242,0.8874774807265889,0.9950000000000008,0.8110000000000006,0.8583047619047609,932,750,34.36254906654358
569000,1000,0.9938333333333333,0.783116666666668,0.8759812568977439,0.9950000000000008,0.7910000000000006,0.840401587301587,946,742,37.4312219619751
570000,1000,0.988,0.7980540404040407,0.8829266909984684,0.9880000000000008,0.8050000000000006,0.8491303585303581,945,761,40.555078983306885
571000,1000,0.9918333333333332,0.8182857142857151,0.8967399671160807,0.9930000000000008,0.8240000000000006,0.866948412698412,939,770,34.02632808685303
572000,1000,0.9890666666666665,0.8061198717948719,0.8882712491964206,0.9900000000000008,0.8110000000000006,0.8527857142857139,950,772,37.96676516532898
573000,1000,0.9896666666666667,0.7984373626373629,0.8838264779605715,0.9900000000000008,0.8090000000000006,0.8554506196417954,927,749,38.154473066329956
574000,1000,0.992,0.8052055555555561,0.8888954395249417,0.9920000000000008,0.8120000000000006,0.8594274891774889,930,750,33.78009796142578
575000,1000,0.9916666666666666,0.7940303030303032,0.8819115417684859,0.9920000000000008,0.8020000000000006,0.8505353368853367,945,756,38.368151903152466
576000,1000,0.9881666666666667,0.8166523809523809,0.8942599117354244,0.9890000000000008,0.8250000000000006,0.8669373015873016,929,765,36.92160701751709
577000,1000,0.9926666666666667,0.8160333333333336,0.8957252047203947,0.9930000000000008,0.8240000000000006,0.8698269841269838,939,774,46.87760901451111
578000,1000,0.9915,0.8143636363636368,0.8942442044853888,0.9920000000000008,0.8190000000000006,0.8643391608391602,937,765,39.38813304901123
579000,1000,0.9852571428571428,0.8215961038961047,0.8960145837652341,0.9870000000000008,0.8290000000000006,0.8670806471306463,928,772,38.705543994903564
580000,1000,0.9950000000000001,0.7815857142857147,0.8754745458785312,0.9950000000000008,0.7910000000000006,0.8464825396825388,943,743,42.19380497932434
581000,1000,0.9893333333333335,0.7835833333333335,0.8745195142969058,0.9900000000000008,0.7910000000000006,0.8406477411477404,943,744,37.51599097251892
582000,1000,0.996,0.7997000000000009,0.8871205657960688,0.9960000000000008,0.8070000000000006,0.8530440115440119,956,767,39.86365008354187
583000,1000,0.9928333333333331,0.8064714285714292,0.8900012200479553,0.9940000000000008,0.8130000000000006,0.8599507936507932,948,769,35.559266090393066
584000,1000,0.9916666666666666,0.7979833333333337,0.884344393844855,0.9920000000000008,0.8040000000000006,0.8499906204906204,931,744,36.16607618331909
585000,1000,0.9925999999999999,0.805800000000001,0.8894985320284703,0.9930000000000008,0.8140000000000006,0.8614087301587292,931,752,36.75925803184509
586000,1000,0.9893333333333333,0.8091190476190481,0.8901969859447059,0.9900000000000008,0.8150000000000006,0.8584984126984128,942,767,36.018568992614746
587000,1000,0.9896666666666666,0.8218055555555556,0.8979586381038546,0.9900000000000008,0.8270000000000006,0.8682649350649351,933,774,44.31305003166199
588000,1000,0.9890000000000001,0.8073738095238102,0.8890050538319928,0.9890000000000008,0.8160000000000006,0.8611190476190475,925,754,43.279141902923584
589000,1000,0.9930666666666667,0.7702845238095241,0.8676024249461874,0.9940000000000008,0.7780000000000006,0.8309531746031744,939,725,44.79283785820007
590000,1000,0.9896666666666667,0.7979857142857153,0.8835496993929262,0.9900000000000008,0.8050000000000006,0.852924114774115,936,753,45.09598708152771
591000,1000,0.9926666666666668,0.821919047619048,0.8992594120482268,0.9930000000000008,0.8280000000000006,0.8689213564213562,944,779,39.897785902023315
592000,1000,0.9935,0.7961388888888893,0.8839369674204917,0.9940000000000008,0.8020000000000006,0.8505203463203461,949,758,38.50186896324158
593000,1000,0.9950000000000001,0.7992341991341998,0.8864372650150885,0.9950000000000008,0.8070000000000006,0.856252797202797,941,753,43.3327910900116
594000,1000,0.993,0.7937079365079366,0.8822393015086717,0.9930000000000008,0.8010000000000006,0.8494076479076473,945,754,38.51764917373657
595000,1000,0.994,0.7964809523809532,0.8843457012082419,0.9940000000000008,0.8010000000000006,0.8489880018674131,949,759,36.6581289768219
596000,1000,0.9884000000000001,0.8050805555555561,0.8873713390939099,0.9890000000000008,0.8110000000000006,0.855587254901961,935,757,35.56367588043213
597000,1000,0.9893333333333334,0.8046547619047618,0.8874883617018923,0.9900000000000008,0.8130000000000006,0.8558578431372548,935,759,33.63808989524841
598000,1000,0.9876666666666666,0.8045333333333342,0.8867433942144359,0.9890000000000008,0.8110000000000006,0.8561452380952376,921,745,29.841533184051514
599000,1000,0.9954,0.8222222222222224,0.9005611727164917,0.9960000000000008,0.8270000000000006,0.8719155844155837,943,774,38.70993208885193
600000,1000,0.995,0.8124785714285716,0.8945236655641048,0.9950000000000008,0.8200000000000006,0.8652041125541119,950,777,39.67139506340027
601000,1000,0.9946666666666666,0.7911151515151521,0.88129004640471,0.9950000000000008,0.7980000000000006,0.8462623931623934,933,737,31.88732099533081
602000,1000,0.9895,0.8001095238095244,0.8847833712062757,0.9900000000000008,0.8090000000000006,0.8551197691197687,937,756,30.815550804138184
603000,1000,0.9936666666666667,0.8106010101010103,0.8928466813158106,0.9940000000000008,0.8200000000000006,0.8689298701298698,932,760,37.61939311027527
604000,1000,0.9896666666666666,0.8020000000000007,0.8860048372093027,0.9900000000000008,0.8070000000000006,0.8515753246753244,939,756,37.79240417480469
605000,1000,0.9857333333333331,0.8147190476190481,0.8921043744737878,0.9870000000000008,0.8210000000000006,0.8585748955722637,933,768,34.69400501251221
606000,1000,0.9908333333333333,0.7975076923076933,0.8837209389019767,0.9920000000000008,0.8050000000000006,0.8544047619047617,938,754,37.18750786781311
607000,1000,0.996,0.7876454545454551,0.8796533758747411,0.9960000000000008,0.7930000000000006,0.8441827228327219,945,744,41.57801413536072
608000,1000,0.989,0.8067783549783551,0.8886439586061394,0.9900000000000008,0.8130000000000006,0.8567115273615273,948,774,35.71175813674927
609000,1000,0.9930000000000001,0.8156944444444448,0.8956566277087528,0.9930000000000008,0.8250000000000006,0.8722624098124093,925,759,37.65106391906738
610000,1000,0.9870000000000001,0.7953469696969708,0.8808694069532094,0.9870000000000008,0.8020000000000006,0.8500075591075585,937,754,35.6929829120636
611000,1000,0.9955,0.8313166666666673,0.9060304263336044,0.9960000000000008,0.8390000000000006,0.8818142857142856,940,783,38.2639799118042
612000,1000,0.9910000000000001,0.8096826839826844,0.8912125906071703,0.9910000000000008,0.8160000000000006,0.8575390109890106,935,762,47.31651496887207
613000,1000,0.9926666666666666,0.788252380952382,0.8787281651439116,0.9930000000000008,0.7930000000000006,0.8417416971916967,950,751,46.16430187225342
614000,1000,0.988,0.7809960317460323,0.872386444647332,0.9880000000000008,0.7900000000000006,0.8422539302802456,943,749,45.621626138687134
615000,1000,0.9953333333333332,0.8021247863247868,0.8883450786311409,0.9960000000000008,0.8110000000000006,0.8603565795315793,933,750,35.817075967788696
616000,1000,0.9887380952380952,0.8138333333333339,0.8928001488173865,0.9900000000000008,0.8180000000000006,0.8561992063492059,925,752,39.1488618850708
617000,1000,0.991,0.7990888888888898,0.8847572808302511,0.9910000000000008,0.8070000000000006,0.8545481240981243,937,754,35.96778607368469
618000,1000,0.9861666666666667,0.8094333333333336,0.8891024417712435,0.9870000000000008,0.8170000000000006,0.8608166666666667,943,775,34.39033603668213
619000,1000,0.999,0.8276857142857142,0.9053095692432821,0.9990000000000008,0.8340000000000006,0.878566810966811,945,781,34.27210998535156
620000,1000,0.9890666666666666,0.8168333333333339,0.8947368317428679,0.9900000000000008,0.8210000000000006,0.8608063492063484,935,767,38.43315100669861
621000,1000,0.9945,0.7962767507002804,0.884417589475359,0.9950000000000008,0.8030000000000006,0.8512932330827065,932,746,34.08682298660278
622000,1000,0.992,0.8197333333333336,0.8976767736237858,0.9920000000000008,0.8250000000000006,0.8721777777777775,935,771,32.72993302345276
623000,1000,0.9893333333333334,0.7960636363636362,0.8822377367905617,0.9900000000000008,0.8020000000000006,0.8448584249084243,932,746,38.8851420879364
624000,1000,0.9918999999999999,0.7973243589743594,0.8840322653778498,0.9930000000000008,0.8090000000000006,0.8574088744588739,932,749,36.322988986968994
625000,1000,0.99,0.7833095238095249,0.8746092187059447,0.9900000000000008,0.7920000000000006,0.8414690943043871,945,748,42.9748740196228
626000,1000,0.9811666666666666,0.7937150793650792,0.8775421578872606,0.9830000000000008,0.8030000000000006,0.8456165223665221,925,745,37.98645615577698
627000,1000,0.9798333333333331,0.8250547619047623,0.8958075125793756,0.9820000000000008,0.8320000000000006,0.8685317460317454,924,775,38.56056189537048
628000,1000,0.9870000000000001,0.8072333333333339,0.8881111338176013,0.9870000000000008,0.8130000000000006,0.854378354978355,940,769,32.030086040496826
629000,1000,0.9873666666666668,0.8113253968253967,0.8907312918146284,0.9890000000000008,0.8220000000000006,0.8651692640692642,920,757,39.725646018981934
630000,1000,0.9896666666666665,0.8076000000000011,0.8894114766868213,0.9900000000000008,0.8140000000000006,0.854527683427683,928,752,37.44510197639465
631000,1000,0.9936666666666668,0.8031055555555559,0.8882808967108716,0.9940000000000008,0.8120000000000006,0.8602979076479071,931,750,34.117629051208496
632000,1000,0.9931666666666668,0.8377714285714289,0.9088747012330398,0.9940000000000008,0.8430000000000006,0.8803492063492059,934,784,39.28923296928406
633000,1000,0.992,0.7956190476190481,0.8830226957911564,0.9920000000000008,0.8030000000000006,0.8488585858585856,935,747,39.46751403808594
634000,1000,0.9946666666666666,0.7996666666666673,0.8865708093380399,0.9950000000000008,0.8040000000000006,0.8531318681318678,947,758,41.175938844680786
635000,1000,0.9904000000000002,0.81452380952381,0.8938930016832266,0.9910000000000008,0.8210000000000006,0.863854761904762,941,772,33.91805291175842
636000,1000,0.9909000000000001,0.8036460317460321,0.8875034006035928,0.9920000000000008,0.8100000000000006,0.8534888888888885,940,761,40.95347595214844
637000,1000,0.9908333333333332,0.8064484848484855,0.889182800738939,0.9920000000000008,0.8180000000000006,0.8619036630036628,930,756,36.69681000709534
638000,1000,0.9876666666666668,0.8224454545454546,0.897515630205395,0.9880000000000008,0.8280000000000006,0.8682315850815845,941,784,41.25498700141907
639000,1000,0.994,0.8142523809523814,0.8951923693753245,0.9940000000000008,0.8200000000000006,0.862796825396825,953,779,47.90325117111206
640000,1000,0.9872666666666666,0.7972493506493512,0.8821413775837947,0.9880000000000008,0.8060000000000006,0.8504748029748018,925,745,45.8658390045166
641000,1000,0.9940666666666669,0.8133380952380954,0.8946665475798414,0.9950000000000008,0.8200000000000006,0.8642269841269837,946,772,42.55112886428833
642000,1000,0.999,0.8026090909090912,0.8901003951013489,0.9990000000000008,0.8100000000000006,0.8608956543456534,943,756,45.09312415122986
643000,1000,0.988066666666667,0.8079246031746038,0.8889613028545206,0.9890000000000008,0.8140000000000006,0.8577933621933616,940,766,39.75449299812317
644000,1000,0.996,0.780688888888889,0.875298020037273,0.9960000000000008,0.7860000000000006,0.8379124597624594,942,733,40.41098713874817
645000,1000,0.9887999999999999,0.8041857142857143,0.8869884773203515,0.9900000000000008,0.8120000000000006,0.8565468253968253,944,766,38.527804136276245
646000,1000,0.992,0.8153404761904768,0.8950363952295076,0.9930000000000008,0.8230000000000006,0.867892857142857,940,771,34.11239409446716
647000,1000,0.989,0.7869651515151522,0.8764907736894241,0.9890000000000008,0.7940000000000006,0.8399679487179489,947,754,33.48389196395874
648000,1000,0.991,0.7911166666666675,0.8798488127414035,0.9910000000000008,0.7980000000000006,0.8436625116713347,942,749,37.28254008293152
649000,1000,0.9894000000000001,0.819533333333333,0.8964910591877348,0.9900000000000008,0.8250000000000006,0.8638909090909086,929,767,35.30864095687866
650000,1000,0.9926666666666667,0.7909435897435901,0.8803978715981801,0.9930000000000008,0.8020000000000006,0.8510003968253965,926,738,37.75268316268921
651000,1000,0.9883333333333334,0.8006571428571432,0.8846510402248677,0.9890000000000008,0.8070000000000006,0.8523666666666665,937,755,34.216861963272095
652000,1000,0.9921666666666668,0.8047040404040404,0.8886566209568225,0.9930000000000008,0.8110000000000006,0.8580898823398816,934,753,36.342143058776855
653000,1000,0.9960000000000001,0.7869666666666673,0.8792298977359836,0.9960000000000008,0.7930000000000006,0.8429809523809517,937,736,33.893080949783325
654000,1000,0.9843333333333337,0.8186000000000005,0.8938492086969388,0.9850000000000008,0.8260000000000006,0.8654820512820507,941,782,47.89668393135071
655000,1000,0.9956666666666665,0.795896103896104,0.8846435456239081,0.9960000000000008,0.8040000000000006,0.852749333999334,942,750,38.95779013633728
656000,1000,0.9956666666666666,0.8169269841269844,0.897484074094183,0.9960000000000008,0.8240000000000006,0.8674124098124097,955,783,33.24364399909973
657000,1000,0.997,0.8044428571428581,0.8904301631232112,0.9970000000000008,0.8160000000000006,0.8662096681096676,928,749,34.667258977890015
658000,1000,0.9852333333333333,0.8144984126984132,0.8917673291110699,0.9880000000000008,0.8240000000000006,0.8640081363081358,939,777,38.585798025131226
659000,1000,0.995,0.7948000000000002,0.8837032070622417,0.9950000000000008,0.8010000000000006,0.8486793650793647,937,745,44.85700297355652
660000,1000,0.9976666666666666,0.7923410256410268,0.88322774623993,0.9980000000000008,0.8010000000000006,0.8533119047619042,947,750,42.58024597167969
661000,1000,0.993,0.8370666666666674,0.9083900768642312,0.9930000000000008,0.8430000000000006,0.8834785714285709,945,796,33.357295989990234
662000,1000,0.9926666666666667,0.8077934065934071,0.890738539762731,0.9930000000000008,0.8150000000000006,0.8599365079365073,927,751,36.048848152160645
663000,1000,0.995,0.8118034632034634,0.8941143431896181,0.9950000000000008,0.8230000000000006,0.8704499999999997,934,764,35.79904007911682
664000,1000,0.9928666666666668,0.8088904761904766,0.8914857298915436,0.9940000000000008,0.8170000000000006,0.8644380952380947,945,768,33.81417798995972
665000,1000,0.9904,0.7937666666666667,0.8812478355908454,0.9920000000000008,0.8000000000000006,0.8444413419913419,936,746,42.93624496459961
666000,1000,0.9916666666666667,0.8033205128205128,0.887612105888431,0.9920000000000008,0.8100000000000006,0.8535738095238093,940,759,40.90001702308655
667000,1000,0.9851666666666666,0.8141883116883121,0.8915541343579111,0.9860000000000008,0.8210000000000006,0.8592777777777777,928,763,34.694201946258545
668000,1000,0.9923333333333334,0.804306227106228,0.8884808026489291,0.9930000000000008,0.8130000000000006,0.8596960317460312,938,760,32.53280806541443
669000,1000,0.9881666666666667,0.8181000000000002,0.8951271314682219,0.9890000000000008,0.8220000000000006,0.8636023809523806,945,779,35.88662600517273
670000,1000,0.9919999999999999,0.7828936507936515,0.8751290549042513,0.9920000000000008,0.7920000000000006,0.8431202741702735,936,736,35.691762924194336
671000,1000,0.9925000000000002,0.7882000000000005,0.8786303139214919,0.9930000000000008,0.7970000000000006,0.8439749084249075,935,739,33.56598496437073
672000,1000,0.9866666666666667,0.8086149572649578,0.8888114420223259,0.9870000000000008,0.8150000000000006,0.8581608225108217,934,763,44.18390893936157
673000,1000,0.9876666666666665,0.8011000000000009,0.8846539701470291,0.9880000000000008,0.8070000000000006,0.8544166666666657,947,767,40.38020396232605
674000,1000,0.9936666666666667,0.7975333333333342,0.8848618678973755,0.9940000000000008,0.8040000000000006,0.8543226551226545,955,765,53.01918697357178
675000,1000,0.997,0.7984651515151517,0.8867560090362337,0.9970000000000008,0.8070000000000006,0.8570250915750918,938,749,39.55361819267273
676000,1000,0.9921666666666666,0.8007388888888891,0.8862334458136959,0.9930000000000008,0.8070000000000006,0.8529576479076477,944,759,39.45253300666809
677000,1000,0.996,0.8200380952380959,0.8994942837364439,0.9960000000000008,0.8290000000000006,0.8741431623931624,925,760,41.00418305397034
678000,1000,0.9848,0.8247047619047625,0.8976701986336703,0.9850000000000008,0.8330000000000006,0.8711603174603172,931,781,46.79364895820618
679000,1000,0.9956666666666666,0.7997472222222225,0.8870173678100636,0.9960000000000008,0.8080000000000006,0.8554322510822506,949,761,56.62229084968567
680000,1000,0.9893333333333333,0.8171222222222222,0.8950192539923689,0.9900000000000008,0.8230000000000006,0.8639798701298697,934,767,44.57811498641968
681000,1000,0.993,0.7930469696969703,0.881830830062327,0.9930000000000008,0.7990000000000006,0.8498406759906751,954,761,37.99835181236267
682000,1000,0.9855,0.7922928571428579,0.8783977363584868,0.9870000000000008,0.7980000000000006,0.8435597402597393,940,751,49.247159004211426
683000,1000,0.9886666666666666,0.7961666666666672,0.8820357954368604,0.9900000000000008,0.8070000000000006,0.8521246031746026,922,741,45.185665130615234
684000,1000,0.9883333333333334,0.8125523809523812,0.8918640386829058,0.9890000000000008,0.8180000000000006,0.8584246031746029,939,768,44.75784397125244
685000,1000,0.9884,0.8121261904761906,0.8916343798968821,0.9900000000000008,0.8190000000000006,0.8605904761904759,938,768,45.99788999557495
686000,1000,0.9863333333333333,0.7993666666666677,0.8830620920522926,0.9890000000000008,0.8060000000000006,0.8456071173924113,935,753,44.60629606246948
687000,1000,0.999,0.8097166666666674,0.8944540235710408,0.9990000000000008,0.8170000000000006,0.8674175824175819,941,760,44.11480903625488
688000,1000,0.9940000000000001,0.8073666666666673,0.8910151181510338,0.9940000000000008,0.8130000000000006,0.8598452380952378,949,768,43.006662130355835
689000,1000,0.9933333333333334,0.7980666666666674,0.8850577450287179,0.9940000000000008,0.8040000000000006,0.8505919913419909,943,755,47.701399087905884
690000,1000,0.9920666666666667,0.8268238095238095,0.9019392331449226,0.9930000000000008,0.8350000000000006,0.8784269841269837,936,780,50.62802600860596
691000,1000,0.998,0.7997000000000005,0.8879129999443737,0.9980000000000008,0.8070000000000006,0.8574015873015866,950,759,50.89081907272339
692000,1000,0.9893333333333334,0.8243000000000004,0.8993079821353088,0.9900000000000008,0.8290000000000006,0.8683246031746028,924,763,43.82220196723938
693000,1000,0.9936666666666667,0.8182166666666675,0.8974469965260216,0.9940000000000008,0.8230000000000006,0.8649515873015873,950,780,44.143474817276
694000,1000,0.9855000000000002,0.8110427350427356,0.8898008377914851,0.9860000000000008,0.8170000000000006,0.8586512987012982,931,762,44.303810119628906
695000,1000,0.9933333333333333,0.7992380952380957,0.8857776360996,0.9940000000000008,0.8050000000000006,0.8500728715728709,948,759,44.90729093551636
696000,1000,0.994,0.8194333333333335,0.8983145047148136,0.9940000000000008,0.8260000000000006,0.8702563492063491,954,786,42.653724908828735
697000,1000,0.997,0.812763636363637,0.895504063815466,0.9970000000000008,0.8200000000000006,0.8670012820512816,945,771,43.11891293525696
698000,1000,0.9865666666666666,0.8002086580086583,0.8836692307835192,0.9880000000000008,0.8110000000000006,0.8570769841269834,931,755,45.59370803833008
699000,1000,0.9905,0.8183888888888893,0.8962564803439806,0.9910000000000008,0.8250000000000006,0.8667670496170494,935,769,43.72254014015198
700000,1000,0.9906666666666666,0.8242205128205139,0.8998110706417678,0.9910000000000008,0.8300000000000006,0.8713444444444441,939,778,37.64311695098877
701000,1000,0.993,0.802675,0.8877511520737327,0.9930000000000008,0.8070000000000006,0.8512160514923669,935,753,40.41090202331543
702000,1000,0.9945,0.8136666666666669,0.8950408332565215,0.9950000000000008,0.8220000000000006,0.8683681704260646,920,750,45.17983388900757
703000,1000,0.9928333333333332,0.8196166666666677,0.8979478023914842,0.9940000000000008,0.8270000000000006,0.871285947385947,946,780,47.81301689147949
704000,1000,0.992,0.8193174603174599,0.897427357093407,0.9920000000000008,0.8270000000000006,0.8693100288600287,933,771,49.35530996322632
705000,1000,0.9920000000000001,0.8096603174603174,0.8916031808402478,0.9930000000000008,0.8170000000000006,0.8602290764790763,928,754,43.0542209148407
706000,1000,0.9865000000000002,0.8215666666666673,0.8965106559492649,0.9870000000000008,0.8260000000000006,0.8673190476190472,944,783,47.08078598976135
707000,1000,0.995,0.7818512265512274,0.8756410877779731,0.9950000000000008,0.7900000000000006,0.8437187590187586,947,743,42.2392201423645
708000,1000,0.9936666666666668,0.8073000000000006,0.8908405856114313,0.9940000000000008,0.8160000000000006,0.8611288045288042,946,770,45.95451903343201
709000,1000,0.989,0.8093191919191927,0.8901831047622475,0.9890000000000008,0.8150000000000006,0.856744644244644,943,770,38.83989405632019
710000,1000,0.9926666666666668,0.8006722222222223,0.8863920041552951,0.9940000000000008,0.8090000000000006,0.8551116161616165,932,749,31.507882118225098
711000,1000,0.9904000000000001,0.800733333333334,0.8855245766181564,0.9910000000000008,0.8070000000000006,0.8525727272727267,944,762,40.11210298538208
712000,1000,0.9882857142857144,0.8103523809523819,0.8905178687729725,0.9900000000000008,0.8180000000000006,0.8621292429792422,945,773,34.63091802597046
713000,1000,0.9956666666666666,0.7972333333333339,0.8854689670986178,0.9960000000000008,0.8030000000000006,0.8499239316239311,941,748,31.660058975219727
714000,1000,0.996,0.7911416666666664,0.8818294763052732,0.9960000000000008,0.8010000000000006,0.8526705627705623,934,743,33.468071937561035
715000,1000,0.9913333333333334,0.7985000000000015,0.8845289133066403,0.9920000000000008,0.8060000000000006,0.853873809523809,934,750,34.32312989234924
716000,1000,0.994,0.8076341991342,0.891178014188658,0.9940000000000008,0.8130000000000006,0.8593258130758132,936,756,37.07938289642334
717000,1000,0.992,0.7922190476190489,0.8809246782639338,0.9920000000000008,0.7980000000000006,0.8437402597402589,946,753,28.408145904541016
718000,1000,0.9931666666666666,0.7915151515151518,0.8809485888608729,0.9940000000000008,0.8000000000000006,0.847173432123432,933,740,31.477745056152344
719000,1000,0.9878333333333332,0.8188428571428574,0.8954346919626149,0.9890000000000008,0.8230000000000006,0.8638499999999995,945,779,32.082520961761475
720000,1000,0.9953333333333334,0.8074904761904772,0.8916258849652976,0.9960000000000008,0.8160000000000006,0.8637896825396821,948,769,38.175174951553345
721000,1000,0.995,0.8121951159951165,0.8943518419926105,0.9950000000000008,0.8190000000000006,0.865224556489262,939,764,35.212417125701904
722000,1000,0.9893333333333333,0.7975833333333339,0.8831702031743074,0.9900000000000008,0.8050000000000006,0.851763492063492,945,761,39.641839027404785
723000,1000,0.9886666666666665,0.7996341991341995,0.8841595878293462,0.9900000000000008,0.8110000000000006,0.8537893772893766,918,739,42.463823080062866
724000,1000,0.9923333333333333,0.7893888888888896,0.8793030671530878,0.9930000000000008,0.7990000000000006,0.8476969696969686,933,744,33.30789279937744
725000,1000,0.996,0.8137095238095238,0.8956737808488077,0.9960000000000008,0.8210000000000006,0.866506349206349,939,765,35.67784404754639
726000,1000,0.9880666666666666,0.8141523809523811,0.8927181524011845,0.9890000000000008,0.8200000000000006,0.8599047619047613,931,765,30.78267812728882
727000,1000,0.9906666666666667,0.7997175324675331,0.8850094885194177,0.9910000000000008,0.8060000000000006,0.8541068376068371,946,761,40.22732591629028
728000,1000,0.9916666666666667,0.8010047619047621,0.8861966666755211,0.9920000000000008,0.8080000000000006,0.8577301587301585,943,761,31.954450130462646
729000,1000,0.992,0.793193722943723,0.8815269323966561,0.9920000000000008,0.8010000000000006,0.8497740814740815,933,743,36.54038405418396
730000,1000,0.9925,0.784935714285715,0.8765984504161295,0.9930000000000008,0.7940000000000006,0.8454730158730153,943,744,37.50954484939575
731000,1000,0.9973333333333333,0.8082538461538468,0.8928934716883068,0.9980000000000008,0.8170000000000006,0.8647095238095236,944,763,44.70925998687744
732000,1000,0.993,0.7825015873015871,0.8752727474284037,0.9930000000000008,0.7920000000000006,0.8386216450216447,939,739,34.03469109535217
733000,1000,0.9886666666666668,0.7717500000000007,0.866844213017752,0.9890000000000008,0.7810000000000006,0.8338499999999994,935,729,31.21095108985901
734000,1000,0.9893333333333332,0.8063714285714292,0.8885315117025285,0.9900000000000008,0.8140000000000006,0.8579855487649601,934,759,31.03282594680786
735000,1000,0.9885000000000002,0.8182317460317462,0.8953427455169866,0.9890000000000008,0.8250000000000006,0.8630385281385278,941,779,31.978415966033936
736000,1000,0.9865,0.8009904761904768,0.8841189536807392,0.9870000000000008,0.8070000000000006,0.8518468253968248,943,763,41.697803020477295
737000,1000,0.989,0.7939952380952389,0.8808338616934056,0.9900000000000008,0.8010000000000006,0.8497753968253967,940,752,32.240468978881836
738000,1000,0.9915,0.7858040404040418,0.8767489279813777,0.9920000000000008,0.7970000000000006,0.8497382950382949,932,737,34.43458604812622
739000,1000,0.9940000000000001,0.7958047619047621,0.88392873923466,0.9940000000000008,0.8040000000000006,0.8542793650793647,946,756,31.670325994491577
740000,1000,0.9926666666666666,0.7893190476190481,0.8793905603789605,0.9930000000000008,0.7970000000000006,0.8482015873015872,931,736,31.620824813842773
741000,1000,0.9920000000000001,0.8214023809523817,0.8986766207694303,0.9920000000000008,0.8270000000000006,0.8675666666666664,940,777,34.16061091423035
742000,1000,0.9956666666666667,0.8247666666666671,0.9021947277510242,0.9960000000000008,0.8290000000000006,0.8735999999999997,941,776,38.257237911224365
743000,1000,0.9943333333333333,0.7916571428571436,0.8814952780636599,0.9950000000000008,0.7980000000000006,0.8487388888888882,944,749,30.936298847198486
744000,1000,0.9913333333333334,0.7998857142857146,0.8853784493667523,0.9920000000000008,0.8060000000000006,0.8524743867243865,925,740,37.90544319152832
745000,1000,0.994,0.8173904761904763,0.8970855748806497,0.9940000000000008,0.8230000000000006,0.8656261904761902,946,776,34.767935037612915
746000,1000,0.9938333333333333,0.8040000000000003,0.8888944099378884,0.9950000000000008,0.8090000000000006,0.8574063492063487,944,759,35.31780791282654
747000,1000,0.993,0.8042857142857145,0.8887353946427152,0.9930000000000008,0.8100000000000006,0.8551380230880223,948,765,38.420872926712036
748000,1000,0.9810666666666668,0.8187603174603177,0.8925951911309525,0.9830000000000008,0.8260000000000006,0.862235425685425,922,768,30.34933114051819
749000,1000,0.9896666666666665,0.8051777777777785,0.8879405787770737,0.9910000000000008,0.8120000000000006,0.8570933621933616,923,746,31.60436201095581
750000,1000,0.9916666666666667,0.7929454545454554,0.8812419980914286,0.9920000000000008,0.8010000000000006,0.8493199633699627,940,750,31.104321002960205
751000,1000,0.9951666666666666,0.8299333333333339,0.9050703949250881,0.9960000000000008,0.8370000000000006,0.8780023809523809,947,788,33.128517866134644
752000,1000,0.9926666666666667,0.8133095238095238,0.8940818358799927,0.9930000000000008,0.8230000000000006,0.8668285714285714,942,775,48.11385202407837
753000,1000,0.997,0.8133705128205133,0.8958723040828165,0.9970000000000008,0.8210000000000006,0.8675904761904756,930,754,33.132827043533325
754000,1000,0.9908333333333332,0.8117136363636365,0.8923738926653447,0.9920000000000008,0.8170000000000006,0.8602481074481069,936,763,35.69157004356384
755000,1000,0.9956666666666665,0.8208538461538464,0.8998487020127238,0.9960000000000008,0.8260000000000006,0.8685142857142857,953,782,37.552775859832764
756000,1000,0.9885000000000002,0.7791160173160175,0.8714066579757559,0.9890000000000008,0.7890000000000006,0.8391946275946273,933,735,34.20444321632385
757000,1000,0.994,0.8017238095238095,0.8875679683480862,0.9940000000000008,0.8100000000000006,0.8578246198246197,935,756,37.153648853302
758000,1000,0.993952380952381,0.8032532467532472,0.8884853962285644,0.9950000000000008,0.8080000000000006,0.8544621767121763,945,758,33.27117991447449
759000,1000,0.9926666666666667,0.8073888888888888,0.89049255681409,0.9930000000000008,0.8150000000000006,0.8607772005771996,934,758,39.89519000053406
760000,1000,0.994,0.7886555555555558,0.8795009442841205,0.9940000000000008,0.8000000000000006,0.8529370129870124,937,743,46.045225858688354
761000,1000,0.993,0.8170078431372548,0.8964478151974208,0.9930000000000008,0.8240000000000006,0.868073809523809,935,770,35.98139405250549
762000,1000,0.994,0.8119904761904767,0.893823687305212,0.9940000000000008,0.8200000000000006,0.8662734487734484,951,778,47.24832606315613
763000,1000,0.9903333333333333,0.7998000000000006,0.8849269328169228,0.9910000000000008,0.8050000000000006,0.8512944444444438,932,748,42.565383195877075
764000,1000,0.994,0.7774880952380957,0.872512966634186,0.9940000000000008,0.7880000000000006,0.8395507936507935,938,733,38.86685800552368
765000,1000,0.994,0.8388333333333338,0.9098485041374923,0.9940000000000008,0.8420000000000006,0.8810857142857142,937,786,39.92409110069275
766000,1000,0.9906666666666666,0.8055,0.8885389254894682,0.9910000000000008,0.8110000000000006,0.8580753968253961,934,756,42.51107311248779
767000,1000,0.9946666666666666,0.7977769841269841,0.8854082226725745,0.9950000000000008,0.8050000000000006,0.8548808080808074,946,760,40.60328006744385
768000,1000,0.9900000000000001,0.8183000000000009,0.8959984515843616,0.9910000000000008,0.8250000000000006,0.8691071428571422,939,773,38.67540001869202
769000,1000,0.9920000000000001,0.8049000000000005,0.8887092214369195,0.9920000000000008,0.8140000000000006,0.8616904761904757,938,761,31.66586399078369
770000,1000,0.9895,0.7913616541353387,0.8794084087875012,0.9900000000000008,0.8020000000000006,0.8477227272727268,920,737,34.58316516876221
771000,1000,0.9916666666666667,0.8081547619047622,0.8905551697148087,0.9920000000000008,0.8130000000000006,0.8605087301587298,943,765,37.65428018569946
772000,1000,0.9886666666666667,0.8162000000000005,0.8941931813984415,0.9890000000000008,0.8240000000000006,0.8651015151515146,931,767,34.760709047317505
773000,1000,0.98925,0.8058284493284502,0.8881681954305606,0.9910000000000008,0.8130000000000006,0.8544361471861474,933,755,37.82554793357849
774000,1000,0.9894000000000001,0.7971912698412702,0.8829563377985481,0.9900000000000008,0.8070000000000006,0.8524604256854252,937,754,39.07012104988098
775000,1000,0.9793333333333332,0.8184857142857143,0.8917141510083645,0.9820000000000008,0.8270000000000006,0.8624731379731371,917,763,38.77047896385193
776000,1000,0.9953333333333334,0.8069129870129867,0.8912737221394463,0.9960000000000008,0.8180000000000006,0.8682989898989893,939,762,37.222251176834106
777000,1000,0.993,0.7921611832611835,0.8812829478415416,0.9930000000000008,0.8010000000000006,0.8507462315462311,937,746,37.96302103996277
778000,1000,0.9895000000000002,0.7988190476190478,0.8839937690888227,0.9900000000000008,0.8040000000000006,0.8493769841269837,935,750,44.212137937545776
779000,1000,0.9906666666666666,0.7984151515151519,0.8842114080299642,0.9910000000000008,0.8030000000000006,0.8462647741147733,949,763,43.80884790420532
780000,1000,0.9906666666666668,0.7915333333333345,0.879974962281326,0.9910000000000008,0.7990000000000006,0.8464533189033187,928,740,46.06203603744507
781000,1000,0.9910000000000001,0.7974301587301595,0.8837396120211843,0.9910000000000008,0.8070000000000006,0.8537091516670454,939,758,33.640345096588135
782000,1000,0.9926666666666666,0.7957809523809521,0.8833864822023533,0.9930000000000008,0.8080000000000006,0.8569832399626516,936,751,34.32496213912964
783000,1000,0.9956666666666668,0.7997945165945168,0.8870464566764179,0.9960000000000008,0.8060000000000006,0.8530113109113103,955,766,33.538989782333374
784000,1000,0.9885,0.7964154061624656,0.8821220616658625,0.9890000000000008,0.8040000000000006,0.8508666666666664,933,751,35.54712104797363
785000,1000,0.9906666666666667,0.8020222222222229,0.8864189279088317,0.9910000000000008,0.8090000000000006,0.8575968253968248,931,751,37.78085112571716
786000,1000,0.9950000000000001,0.8031936507936507,0.8888672053612884,0.9950000000000008,0.8100000000000006,0.8613362193362185,940,756,44.74047088623047
787000,1000,0.989,0.8225349206349212,0.8981190781824064,0.9900000000000008,0.8270000000000006,0.866552092352092,937,775,36.80485701560974
788000,1000,0.9896666666666666,0.796016666666667,0.8823413943619469,0.9900000000000008,0.8020000000000006,0.8493396825396817,939,752,43.5893030166626
789000,1000,0.992,0.8165880952380958,0.8957875954276359,0.9920000000000008,0.8260000000000006,0.8701246031746028,926,760,33.75992393493652
790000,1000,0.9906666666666665,0.8013111111111109,0.885984432677323,0.9910000000000008,0.8120000000000006,0.8594235209235209,925,747,38.20228099822998
791000,1000,0.9910000000000001,0.8004151515151517,0.8855696173839206,0.9920000000000008,0.8100000000000006,0.8590131868131864,938,757,38.8834490776062
792000,1000,0.998,0.8053214285714289,0.8913671994137803,0.9980000000000008,0.8110000000000006,0.8612525030525022,952,766,35.72679305076599
793000,1000,0.9871666666666666,0.7779079365079371,0.8701329487999222,0.9880000000000008,0.7850000000000006,0.8337973609723607,936,734,42.52183699607849
794000,1000,0.9873333333333335,0.8080857142857154,0.8887618330247887,0.9880000000000008,0.8160000000000006,0.8579650072150067,930,758,35.34607791900635
795000,1000,0.995,0.7929172161172161,0.8825382102981062,0.9950000000000008,0.7990000000000006,0.8523206349206345,942,748,46.018800020217896
796000,1000,0.9913333333333334,0.7910246031746034,0.8799232079613938,0.9920000000000008,0.7980000000000006,0.8412640437993372,938,746,33.773699045181274
797000,1000,0.9858333333333333,0.8012010989010996,0.8839793299476658,0.9870000000000008,0.8070000000000006,0.8480103174603171,941,765,35.215863943099976
798000,1000,0.9916666666666665,0.8288166666666676,0.9029578530732076,0.9920000000000008,0.8350000000000006,0.876346969696969,932,777,36.579850912094116
799000,1000,0.983,0.7946214285714291,0.8788292622163648,0.9830000000000008,0.8040000000000006,0.8453899250507941,928,751,35.70829796791077
800000,1000,0.9923333333333332,0.807691666666667,0.890542480119875,0.9930000000000008,0.8140000000000006,0.8579192982456141,939,762,35.40672993659973
801000,1000,0.9925000000000002,0.8336412698412706,0.9061609569662464,0.9940000000000008,0.8420000000000006,0.8833433621933614,936,786,40.07162690162659
802000,1000,0.9940000000000001,0.8106333333333334,0.8930008311937792,0.9940000000000008,0.8180000000000006,0.8662579365079359,936,761,35.06141400337219
803000,1000,0.989,0.8117889610389616,0.8916750378171188,0.9890000000000008,0.8200000000000006,0.8666950049950045,941,773,34.06034588813782
804000,1000,0.9933999999999998,0.8244142857142861,0.9010526079200297,0.9940000000000008,0.8290000000000006,0.8706813852813847,943,780,31.721497058868408
805000,1000,0.9936666666666666,0.8052228438228448,0.8895744785654697,0.9940000000000008,0.8110000000000006,0.8548933455433453,941,759,37.672078132629395
806000,1000,0.9905000000000002,0.8046309523809525,0.8879429740501755,0.9910000000000008,0.8130000000000006,0.8616182539682539,930,756,40.84172201156616
807000,1000,0.9913333333333333,0.8155555555555563,0.8948944369286276,0.9920000000000008,0.8210000000000006,0.8652536796536789,954,783,40.885716915130615
808000,1000,0.9935000000000002,0.7996833333333336,0.8861173053508196,0.9940000000000008,0.8080000000000006,0.8557134920634919,934,749,41.871012926101685
809000,1000,0.9926666666666667,0.8069428571428574,0.8902212014246479,0.9930000000000008,0.8150000000000006,0.8621174603174595,934,758,37.36819100379944
810000,1000,0.9863333333333334,0.8024333333333336,0.8849301132375506,0.9870000000000008,0.8100000000000006,0.8534563492063486,939,762,49.07351207733154
811000,1000,0.9906666666666666,0.8327469696969702,0.9048683723696178,0.9910000000000008,0.8370000000000006,0.8753385836385834,931,778,36.976531982421875
812000,1000,0.9933333333333334,0.7852575757575763,0.8771241562807924,0.9940000000000008,0.7950000000000006,0.846449206349206,931,734,36.99614882469177
813000,1000,0.9913333333333334,0.7984666666666672,0.8845084615289112,0.9920000000000008,0.8040000000000006,0.8548285714285706,942,755,40.11984920501709
814000,1000,0.9916666666666667,0.8008357142857147,0.8860931977243839,0.9920000000000008,0.8130000000000006,0.8610563492063491,929,750,34.874552965164185
815000,1000,0.9903333333333332,0.811409523809524,0.891987327966396,0.9910000000000008,0.8190000000000006,0.8649998511292619,934,764,38.423951148986816
816000,1000,0.999,0.8009047619047628,0.8890513254669565,0.9990000000000008,0.8060000000000006,0.8579936507936501,949,757,36.35353112220764
817000,1000,0.9919999999999999,0.8111000000000009,0.8924754034717991,0.9930000000000008,0.8170000000000006,0.8625435817805379,937,764,37.266862869262695
818000,1000,0.9883333333333333,0.7778000000000013,0.8705182696663151,0.9890000000000008,0.7840000000000006,0.8327959373959373,944,739,45.727977991104126
819000,1000,0.9956666666666667,0.7961047619047622,0.8847724234950606,0.9960000000000008,0.8010000000000006,0.8495960604754718,951,759,44.49506092071533
820000,1000,0.999,0.8015683982683984,0.8894600512151888,0.9990000000000008,0.8100000000000006,0.860528987678987,947,759,43.60790300369263
821000,1000,0.9943333333333333,0.7996038461538468,0.8863997767408891,0.9950000000000008,0.8050000000000006,0.8530509379509373,954,765,39.12831497192383
822000,1000,0.995,0.7900000000000004,0.8807282913165269,0.9950000000000008,0.7970000000000006,0.8485071428571422,948,750,43.564050912857056
823000,1000,0.983,0.8068838827838836,0.8862774444819415,0.9830000000000008,0.8140000000000006,0.8553825396825393,939,771,37.55827593803406
824000,1000,0.9884,0.8033705882352952,0.8863316482874324,0.9900000000000008,0.8080000000000006,0.8509780815675548,930,752,34.72445797920227
825000,1000,0.99,0.8041500000000005,0.8874492099322802,0.9900000000000008,0.8110000000000006,0.855252380952381,939,760,38.21592116355896
826000,1000,0.997,0.813466666666667,0.8959306256213869,0.9970000000000008,0.8200000000000006,0.8685039682539673,951,775,36.932543992996216
827000,1000,0.9875000000000002,0.8200954248366014,0.8960458971059304,0.9880000000000008,0.8270000000000006,0.8640373889268624,935,777,35.74255180358887
828000,1000,0.994,0.8050743589743595,0.8896173844384365,0.9940000000000008,0.8110000000000006,0.8586247252747249,940,759,46.58663487434387
829000,1000,0.989,0.7980176470588237,0.8833034796720137,0.9900000000000008,0.8050000000000006,0.8489899863294595,935,750,38.533952951431274
830000,1000,0.9945,0.7785040404040406,0.8733451820057725,0.9950000000000008,0.7860000000000006,0.8395014263514258,945,740,32.69123291969299
831000,1000,0.9941666666666666,0.8120666666666668,0.8939372297168448,0.9950000000000008,0.8200000000000006,0.8676604617604613,932,758,38.23064088821411
832000,1000,0.9926666666666667,0.8052523809523813,0.8891915327155115,0.9930000000000008,0.8130000000000006,0.8612384004884,940,761,36.818467140197754
833000,1000,0.9935,0.8061999999999999,0.8901035728176917,0.9940000000000008,0.8130000000000006,0.8613404761904759,938,758,37.832722902297974
834000,1000,0.9876428571428572,0.7946095238095245,0.8806726014738673,0.9890000000000008,0.8000000000000006,0.845783333333333,933,744,40.03218913078308
835000,1000,0.9916666666666665,0.8193666666666677,0.8973204370739852,0.9920000000000008,0.8260000000000006,0.8685959595959596,929,764,35.63392400741577
836000,1000,0.9871666666666669,0.8078205128205134,0.8885339037728531,0.9880000000000008,0.8130000000000006,0.8552396825396821,942,768,36.56819796562195
837000,1000,0.988,0.7989904761904763,0.8834994936951726,0.9890000000000008,0.8040000000000006,0.8494492063492058,938,754,35.339215993881226
838000,1000,0.992,0.8024000000000002,0.8871832367365138,0.9920000000000008,0.8090000000000006,0.854918253968253,939,757,40.121575117111206
839000,1000,0.9933333333333334,0.7769166666666676,0.8718963109416441,0.9940000000000008,0.7870000000000006,0.8400944444444441,941,735,38.559772968292236
840000,1000,0.9935,0.7973277777777784,0.8846692652994119,0.9940000000000008,0.8040000000000006,0.850510872460872,937,749,34.26904296875
841000,1000,0.996,0.8128738095238093,0.8951672692954179,0.9960000000000008,0.8220000000000006,0.8714134085213031,939,768,39.45142602920532
842000,1000,0.9909999999999999,0.7959476190476195,0.8828284411566413,0.9920000000000008,0.8030000000000006,0.851554273504273,938,748,41.459798097610474
843000,1000,0.9914,0.8003076923076929,0.8856634924996355,0.9920000000000008,0.8080000000000006,0.854570779220779,938,755,43.594088077545166
844000,1000,0.9936666666666667,0.8113111111111115,0.8932772661610692,0.9940000000000008,0.8180000000000006,0.86412987012987,946,772,43.20639681816101
845000,1000,0.994,0.8073388888888897,0.8909982019547193,0.9940000000000008,0.8160000000000006,0.8636243145743138,943,765,40.305095911026
846000,1000,0.9883333333333334,0.8050666666666675,0.8873360345959882,0.9890000000000008,0.8110000000000006,0.8540524276377212,931,757,43.77730703353882
847000,1000,0.9926666666666667,0.8141333333333335,0.8945793914348266,0.9930000000000008,0.8240000000000006,0.8691701465201467,931,762,41.417306900024414
848000,1000,0.9916666666666667,0.8130095238095246,0.8934948537573468,0.9920000000000008,0.8190000000000006,0.8673666666666664,938,766,42.30954909324646
849000,1000,0.9936666666666667,0.7875857142857149,0.8787049828504828,0.9940000000000008,0.7990000000000006,0.8510184870684864,927,736,42.42005491256714
850000,1000,0.991,0.7984412698412704,0.884360176272101,0.9910000000000008,0.8070000000000006,0.8540031024531018,934,753,43.9655978679657
851000,1000,0.993,0.7808916666666665,0.8742646910981974,0.9930000000000008,0.7880000000000006,0.8375214285714284,943,738,40.891144037246704
852000,1000,0.9920000000000001,0.8140000000000008,0.8942281284606871,0.9930000000000008,0.8200000000000006,0.8645396103896098,951,778,37.70426297187805
853000,1000,0.9930000000000001,0.8025579365079373,0.8876795504602853,0.9930000000000008,0.8110000000000006,0.8594520923520917,937,756,38.85081911087036
854000,1000,0.9886666666666667,0.7949944444444449,0.8813159658089845,0.9900000000000008,0.8020000000000006,0.8481576479076471,934,748,41.619751930236816
855000,1000,0.9933333333333334,0.7888606060606065,0.8793672989596302,0.9940000000000008,0.7970000000000006,0.8502017316017307,947,752,38.91808819770813
856000,1000,0.9893333333333333,0.7958333333333341,0.8820962873058853,0.9900000000000008,0.7990000000000006,0.8430921134421132,955,764,37.50656604766846
857000,1000,0.9890000000000001,0.7972333333333338,0.8828228115027901,0.9900000000000008,0.8060000000000006,0.8533159507159503,933,750,36.51450204849243
858000,1000,0.9901666666666665,0.818266666666667,0.8960467193826457,0.9910000000000008,0.8260000000000006,0.8714831168831161,930,767,36.509641885757446
859000,1000,0.9901428571428569,0.7966388888888897,0.8829128765249222,0.9910000000000008,0.8050000000000006,0.8528389055389047,935,748,42.89760088920593
860000,1000,0.9881666666666666,0.8077690476190479,0.8889075938218527,0.9890000000000008,0.8160000000000006,0.8558325396825398,932,760,37.42503786087036
861000,1000,0.9894000000000001,0.809819813519814,0.8906479547143786,0.9900000000000008,0.8170000000000006,0.8600595238095237,940,769,36.355553150177
862000,1000,0.9956666666666667,0.8062571428571432,0.8910069978118627,0.9960000000000008,0.8110000000000006,0.8578555555555549,942,757,38.910123109817505
863000,1000,0.9896,0.7999606060606068,0.8847322779419364,0.9910000000000008,0.8080000000000006,0.8528406593406591,937,755,41.16239094734192
864000,1000,0.994,0.8078952380952386,0.8913369098145342,0.9940000000000008,0.8190000000000006,0.8626722222222218,938,765,36.409724950790405
865000,1000,0.993,0.802988888888889,0.887943095416329,0.9940000000000008,0.8110000000000006,0.8572743145743141,935,752,36.06700420379639
866000,1000,0.9966666666666666,0.7944523809523812,0.884144699819657,0.9970000000000008,0.8010000000000006,0.850619841269841,936,742,38.377888917922974
867000,1000,0.9926666666666666,0.7924904761904765,0.8813553277511474,0.9930000000000008,0.7980000000000006,0.8459173881673879,947,753,35.55785393714905
868000,1000,0.9915,0.7920076839826845,0.8805968437604509,0.9920000000000008,0.7980000000000006,0.8441901709401707,940,746,38.452539920806885
869000,1000,0.9855666666666667,0.7771755411255417,0.8690531197313385,0.9870000000000008,0.7870000000000006,0.8366155677655673,929,733,33.72125792503357
870000,1000,0.9926666666666666,0.8033571428571429,0.8880348388636273,0.9930000000000008,0.8110000000000006,0.8572651260504202,947,766,35.40393590927124
871000,1000,0.9913333333333334,0.7812493506493513,0.8738419143344053,0.9920000000000008,0.7900000000000006,0.8423703296703291,939,739,41.74358415603638
872000,1000,0.9847333333333332,0.807985714285715,0.8876465799490536,0.9860000000000008,0.8160000000000006,0.857073015873016,918,747,37.38297700881958
873000,1000,0.9945,0.8023666666666669,0.888161225095537,0.9950000000000008,0.8080000000000006,0.8547141923436032,947,764,40.14537596702576
874000,1000,0.9904000000000001,0.8016484848484852,0.8860839046562595,0.9910000000000008,0.8070000000000006,0.8501670829170827,939,757,38.14132905006409
875000,1000,0.995,0.8083746031746033,0.8920306726542655,0.9950000000000008,0.8160000000000006,0.8658949494949492,931,753,47.09261202812195
876000,1000,0.9889999999999999,0.7876538461538467,0.8769177581018771,0.9900000000000008,0.7970000000000006,0.8446038961038957,936,744,37.81034588813782
877000,1000,0.9916666666666667,0.7977571428571432,0.8842054771554558,0.9920000000000008,0.8070000000000006,0.855862698412698,939,756,45.23604083061218
878000,1000,0.994,0.8215500000000004,0.8995849191704995,0.9940000000000008,0.8280000000000006,0.8728444444444443,948,782,41.55881214141846
879000,1000,0.9916666666666666,0.7946333333333335,0.882283366611307,0.9920000000000008,0.8010000000000006,0.8519753968253961,950,760,38.81175088882446
880000,1000,0.996,0.8085666666666674,0.8925493470269874,0.9960000000000008,0.8150000000000006,0.8640452380952375,945,766,36.90038990974426
881000,1000,0.9912666666666666,0.8027523809523812,0.8871050481671021,0.9920000000000008,0.8080000000000006,0.8524644078144068,949,767,38.11018514633179
882000,1000,0.9926666666666665,0.8083888888888888,0.8911004452121698,0.9930000000000008,0.8150000000000006,0.8613814574314571,950,772,37.30305099487305
883000,1000,0.9926666666666667,0.7920871794871803,0.8811058643917479,0.9930000000000008,0.8030000000000006,0.853246825396825,932,742,35.33027100563049
884000,1000,0.992,0.8155222222222224,0.895145890322541,0.9920000000000008,0.8230000000000006,0.8668679653679648,937,769,43.93794298171997
885000,1000,0.9911666666666668,0.7894238095238097,0.8788663944188304,0.9920000000000008,0.7990000000000006,0.8459349206349204,927,734,36.743574142456055
886000,1000,0.9873333333333334,0.7943121212121216,0.8803668904411939,0.9880000000000008,0.8040000000000006,0.84867619047619,930,746,36.86277794837952
887000,1000,0.9914166666666667,0.7901912698412705,0.8794401716807158,0.9930000000000008,0.7990000000000006,0.8486338383838379,946,752,38.43842101097107
888000,1000,0.9933333333333333,0.795066666666667,0.8832098213176275,0.9940000000000008,0.7990000000000006,0.8474023809523802,963,768,36.4270761013031
889000,1000,0.9930000000000001,0.7898666666666674,0.8798611973226643,0.9930000000000008,0.7990000000000006,0.851816246498599,934,742,44.83014917373657
890000,1000,0.9875,0.7872333333333333,0.8760672964952482,0.9880000000000008,0.7930000000000006,0.8404230158730154,938,745,36.98967099189758
891000,1000,0.993,0.7977690476190484,0.8847424131425318,0.9930000000000008,0.8040000000000006,0.8527730158730152,948,760,38.50593614578247
892000,1000,0.9903333333333333,0.7968333333333338,0.8831080232521996,0.9910000000000008,0.8060000000000006,0.8532307359307354,929,749,36.83637189865112
893000,1000,0.9913333333333333,0.7874238095238096,0.8776908899293872,0.9920000000000008,0.7920000000000006,0.8410507936507927,938,740,39.826303005218506
894000,1000,0.9908333333333332,0.7891666666666663,0.8785759987515603,0.9920000000000008,0.7960000000000006,0.8423437728937723,932,738,41.86411690711975
895000,1000,0.9894666666666668,0.8349380952380954,0.9056580329309408,0.9900000000000008,0.8410000000000006,0.8782198412698408,925,776,36.94989991188049
896000,1000,0.9906666666666668,0.8019904761904768,0.8863995381512241,0.9910000000000008,0.8100000000000006,0.8545936507936501,934,753,39.081377029418945
897000,1000,0.991,0.8108333333333342,0.8919091665895852,0.9910000000000008,0.8160000000000006,0.8586869047619042,944,772,33.78344106674194
898000,1000,0.9903999999999998,0.7963666666666678,0.8828478406059368,0.9910000000000008,0.8020000000000006,0.8520619047619045,936,748,38.11126685142517
899000,1000,0.9920000000000002,0.8057222222222227,0.8892101733675333,0.9930000000000008,0.8130000000000006,0.8607533189033181,944,765,44.39549708366394
900000,1000,0.9843333333333335,0.8041111111111111,0.8851416915175614,0.9860000000000008,0.8140000000000006,0.856826695526695,917,747,43.79662299156189
901000,1000,0.995,0.810766666666667,0.8934851309693023,0.9950000000000008,0.8190000000000006,0.868552380952381,936,762,37.48332715034485
902000,1000,0.9917333333333332,0.7946055555555568,0.8822926278971169,0.9930000000000008,0.8050000000000006,0.8513211399711397,930,743,34.69330716133118
903000,1000,0.9883333333333334,0.8023285714285714,0.8856703427038153,0.9890000000000008,0.8110000000000006,0.8543680153180148,930,754,40.4883930683136
904000,1000,0.9869333333333333,0.7968000000000007,0.8817332336672152,0.9880000000000008,0.8070000000000006,0.8548716616716608,928,746,33.61937403678894
905000,1000,0.9965,0.7929761904761906,0.8831643338034542,0.9970000000000008,0.7990000000000006,0.8493548840048838,943,747,40.92297601699829
906000,1000,0.9861666666666666,0.8042818181818188,0.8859857476034448,0.9870000000000008,0.8110000000000006,0.851300488400488,923,748,34.315268993377686
907000,1000,0.9903333333333334,0.8022190476190482,0.8864056324758175,0.9910000000000008,0.8080000000000006,0.8529118326118319,950,767,38.88567519187927
908000,1000,0.9913,0.7915666666666678,0.880245338967207,0.9920000000000008,0.7980000000000006,0.845005483405483,944,749,35.7600200176239
909000,1000,0.9885000000000002,0.7870523809523814,0.8763484388493457,0.9890000000000008,0.7930000000000006,0.8463158730158725,937,741,39.586726903915405
910000,1000,0.9916666666666666,0.795119047619048,0.8825826726186512,0.9920000000000008,0.8040000000000006,0.8527182539682536,939,751,34.362756967544556
911000,1000,0.9921666666666668,0.8031333333333343,0.8876980139500058,0.9930000000000008,0.8100000000000006,0.8529555555555552,937,755,38.834341049194336
912000,1000,0.9924,0.7869666666666668,0.8778243794608569,0.9930000000000008,0.7930000000000006,0.8448207792207788,937,738,49.309778928756714
913000,1000,0.9914000000000001,0.7963166666666674,0.8832141670473515,0.9920000000000008,0.8040000000000006,0.8503222222222221,933,748,40.29711985588074
914000,1000,0.9905666666666666,0.827233333333334,0.9015620701458422,0.9920000000000008,0.8340000000000006,0.8710898046398043,935,778,40.83228302001953
915000,1000,0.9936666666666666,0.805107692307693,0.8895042037170614,0.9940000000000008,0.8120000000000006,0.8585396825396824,934,754,41.285841941833496
916000,1000,0.9930000000000001,0.798405555555556,0.8851337032063591,0.9930000000000008,0.8070000000000006,0.8558632034632032,934,748,47.6825270652771
917000,1000,0.9943333333333333,0.8035199134199137,0.8888007242564345,0.9950000000000008,0.8130000000000006,0.8608492063492065,941,761,39.76398801803589
918000,1000,0.9898333333333333,0.800833333333334,0.8853591151650537,0.9910000000000008,0.8060000000000006,0.8520952380952375,934,749,44.255549907684326
919000,1000,0.9893333333333335,0.8140222222222219,0.8931564449811668,0.9900000000000008,0.8190000000000006,0.8598792207792206,943,773,48.454813957214355
920000,1000,0.9930000000000001,0.8111047619047627,0.892882769979571,0.9940000000000008,0.8190000000000006,0.8633217338217336,929,757,35.47819399833679
921000,1000,0.988,0.8199388888888897,0.8961581911876327,0.9880000000000008,0.8280000000000006,0.8680612554112548,936,777,35.93510317802429
922000,1000,0.9903333333333333,0.8101666666666676,0.8912358295535195,0.9910000000000008,0.8160000000000006,0.858858441558441,934,761,33.34516191482544
923000,1000,0.9932857142857143,0.8294523809523815,0.9040061244483427,0.9940000000000008,0.8360000000000006,0.8781321123321117,932,775,37.068702936172485
924000,1000,0.9926666666666666,0.8035000000000005,0.8881221119049831,0.9930000000000008,0.8100000000000006,0.8551927849927847,943,761,40.91609287261963
925000,1000,0.9914,0.8095000000000002,0.8912635904270088,0.9920000000000008,0.8170000000000006,0.8631476190476183,934,760,35.30105113983154
926000,1000,0.991,0.8037705128205136,0.8876194170956795,0.9910000000000008,0.8110000000000006,0.8554642857142852,940,761,36.01544189453125
927000,1000,0.9862857142857142,0.8175857142857146,0.894047211383227,0.9870000000000008,0.8230000000000006,0.859957749766573,943,780,38.10333704948425
928000,1000,0.989,0.7902303030303036,0.8785122065040045,0.9890000000000008,0.7940000000000006,0.8412996225996223,943,750,41.778088092803955
929000,1000,0.9881666666666667,0.8214388888888892,0.8971220564743496,0.9890000000000008,0.8310000000000006,0.8726933621933615,934,777,32.506935119628906
930000,1000,0.9898333333333333,0.8074410256410259,0.8893823448707469,0.9910000000000008,0.8140000000000006,0.8551896825396823,933,760,34.61093997955322
931000,1000,0.9923333333333333,0.7975728937728934,0.8843571314163563,0.9930000000000008,0.8060000000000006,0.8529023809523806,938,751,35.14472794532776
932000,1000,0.995,0.790904761904763,0.8812902623720144,0.9950000000000008,0.7970000000000006,0.8478483405483402,937,744,37.53580403327942
933000,1000,0.9926666666666667,0.788667676767677,0.8789861562937632,0.9930000000000008,0.7960000000000006,0.8462240093240088,943,748,34.92800498008728
934000,1000,0.9836666666666666,0.8188940281940285,0.8937493881492974,0.9840000000000008,0.8290000000000006,0.868807631257631,904,754,37.405267000198364
935000,1000,0.9887,0.791296825396826,0.8790523220123456,0.9900000000000008,0.7960000000000006,0.8434219336219329,936,743,33.759408950805664
936000,1000,0.9856666666666668,0.8022857142857145,0.884571976456175,0.9860000000000008,0.8100000000000006,0.8533717893217891,922,749,36.97635817527771
937000,1000,0.9895,0.7935809523809527,0.880777007159892,0.9900000000000008,0.8010000000000006,0.8477313852813849,939,750,34.67055797576904
938000,1000,0.9876666666666668,0.808666666666667,0.889248221686151,0.9880000000000008,0.8130000000000006,0.8568538961038958,946,771,40.85110688209534
939000,1000,0.9893333333333334,0.8129023809523805,0.8924819498885201,0.9900000000000008,0.8200000000000006,0.8634987734487728,923,755,35.26206398010254
940000,1000,0.9930000000000002,0.8106386554621855,0.8926002804787713,0.9930000000000008,0.8160000000000006,0.8604725981620716,943,768,35.261082887649536
941000,1000,0.9921333333333331,0.800438095238096,0.8860358955831832,0.9940000000000008,0.8090000000000006,0.8587760971055081,928,745,32.9308979511261
942000,1000,0.9913999999999998,0.8103242424242435,0.8917629402138361,0.9920000000000008,0.8170000000000006,0.8601199134199131,940,765,44.09533190727234
943000,1000,0.9906666666666667,0.7916636363636373,0.8800554806526703,0.9910000000000008,0.7990000000000006,0.8458155677655672,944,753,36.58858108520508
944000,1000,0.99,0.8133857142857147,0.8930445115140572,0.9900000000000008,0.8200000000000006,0.8655888888888883,933,764,40.546775102615356
945000,1000,0.9956666666666666,0.8260333333333342,0.902952028935122,0.9960000000000008,0.8310000000000006,0.8766761904761902,955,790,42.082151889801025
946000,1000,0.993,0.8283333333333338,0.9032229136163985,0.9930000000000008,0.8350000000000006,0.8779325396825394,933,776,37.48118877410889
947000,1000,0.991,0.8127151515151517,0.8930464596640605,0.9910000000000008,0.8210000000000006,0.8649560439560432,933,763,40.86481595039368
948000,1000,0.9956666666666666,0.7850238095238103,0.8778864717182121,0.9960000000000008,0.7930000000000006,0.8443134199134198,948,745,35.66390013694763
949000,1000,0.9873333333333335,0.8121444444444447,0.8912110962233901,0.9880000000000008,0.8210000000000006,0.8629208513708507,919,751,39.905526876449585
950000,1000,0.993,0.8031428571428579,0.8880372226199003,0.9930000000000008,0.8080000000000006,0.8549595238095237,936,751,35.5891969203949
951000,1000,0.9916666666666667,0.7975996336996345,0.8841087209025799,0.9930000000000008,0.8050000000000006,0.8503454545454536,933,747,37.656359910964966
952000,1000,0.9896666666666666,0.8175023809523814,0.8953837023881519,0.9900000000000008,0.8200000000000006,0.8608801587301588,948,779,35.64251112937927
953000,1000,0.9890000000000001,0.7845205128205139,0.8749724421800482,0.9890000000000008,0.7930000000000006,0.842804761904761,934,739,38.76127505302429
954000,1000,0.9906666666666667,0.7931500000000004,0.8809731194349197,0.9910000000000008,0.8010000000000006,0.8522015873015871,929,740,38.91290593147278
955000,1000,0.9946666666666666,0.8194777777777779,0.8986133735114399,0.9950000000000008,0.8270000000000006,0.8737930735930728,955,787,34.180558919906616
956000,1000,0.9916666666666667,0.81355,0.8938211479693112,0.9920000000000008,0.8230000000000006,0.8679848484848482,927,758,36.90407609939575
957000,1000,0.9946666666666666,0.8032047619047625,0.8887409749977709,0.9950000000000008,0.8090000000000006,0.8550760971055084,951,766,38.16591191291809
958000,1000,0.9916666666666665,0.8291999999999997,0.9031852963790133,0.9920000000000008,0.8350000000000006,0.87445,951,795,33.89118981361389
959000,1000,0.9876666666666667,0.8067500000000004,0.8880881437793157,0.9880000000000008,0.8130000000000006,0.8539826617826609,935,760,38.06144189834595
960000,1000,0.992,0.7993833333333337,0.885336211307835,0.9920000000000008,0.8080000000000006,0.8554055555555559,938,755,34.10786199569702
961000,1000,0.994,0.7967571428571436,0.8845159190446185,0.9940000000000008,0.8020000000000006,0.849994444444444,937,748,33.273621797561646
962000,1000,0.9906666666666667,0.7754000000000011,0.8699138575365225,0.9910000000000008,0.7850000000000006,0.8367746031746027,936,731,46.587040185928345
963000,1000,0.9916666666666665,0.8183,0.8966804176872502,0.9920000000000008,0.8230000000000006,0.8665952380952379,942,773,46.31489896774292
964000,1000,0.9926666666666666,0.8016833333333335,0.8870112544623092,0.9930000000000008,0.8110000000000006,0.8571182539682535,944,762,44.46391201019287
965000,1000,0.9916666666666666,0.8007928571428572,0.8860669630582081,0.9920000000000008,0.8150000000000006,0.8629628427128424,929,754,41.80698800086975
966000,1000,0.9915,0.7987365800865809,0.8847404057820605,0.9920000000000008,0.8090000000000006,0.8567695360195354,926,745,44.93690085411072
967000,1000,0.9921666666666666,0.8251095238095245,0.9009595461199567,0.9930000000000008,0.8290000000000006,0.8698419913419909,940,778,44.496472120285034
968000,1000,0.9860000000000001,0.8140984848484855,0.8918413218132009,0.9860000000000008,0.8210000000000006,0.8602937784437782,939,775,52.25374388694763
969000,1000,0.988,0.7991484126984133,0.8835960417566873,0.9890000000000008,0.8060000000000006,0.8533837662337656,938,757,44.15132713317871
970000,1000,0.9936666666666667,0.815685714285715,0.8959224452842905,0.9940000000000008,0.8210000000000006,0.8662087301587299,934,762,46.55259609222412
971000,1000,0.9875000000000002,0.8078166666666677,0.8886665769270052,0.9880000000000008,0.8140000000000006,0.8537602231102229,929,756,38.26567101478577
972000,1000,0.9926666666666667,0.8197666666666673,0.8979696295342668,0.9930000000000008,0.8270000000000006,0.8696071428571429,926,763,42.073599100112915
973000,1000,0.9931666666666668,0.809100000000001,0.8917339091514396,0.9940000000000008,0.8190000000000006,0.8656952380952376,931,759,37.267898082733154
974000,1000,0.9926666666666666,0.8043303030303033,0.8886290787042581,0.9930000000000008,0.8120000000000006,0.8565086580086576,953,774,41.60193204879761
975000,1000,0.9868333333333333,0.8153333333333339,0.892923086408336,0.9880000000000008,0.8250000000000006,0.8663469696969694,935,772,48.52438497543335
976000,1000,0.9895238095238094,0.8091095238095236,0.8902683203788009,0.9910000000000008,0.8150000000000006,0.8600587301587296,944,769,39.267056941986084
977000,1000,0.997,0.7971750000000003,0.885959814399376,0.9970000000000008,0.8020000000000006,0.8477778998778994,944,751,51.4138069152832
978000,1000,0.9935,0.8022619047619055,0.8876980854392622,0.9940000000000008,0.8110000000000006,0.8583960317460315,943,760,46.984580993652344
979000,1000,0.9831666666666667,0.8169833333333337,0.8924042780385588,0.9840000000000008,0.8220000000000006,0.856711111111111,926,764,37.855021953582764
980000,1000,0.9915,0.825085714285715,0.9006703942246449,0.9920000000000008,0.8320000000000006,0.8731959595959599,936,778,35.577789068222046
981000,1000,0.9898333333333336,0.8018666666666672,0.8859902389412915,0.9910000000000008,0.8080000000000006,0.8526087301587297,944,761,38.30568814277649
982000,1000,0.9830000000000001,0.8247888888888896,0.8969714138204442,0.9840000000000008,0.8300000000000006,0.8663441558441548,940,786,37.05622601509094
983000,1000,0.9926666666666667,0.7841205128205133,0.8761547862486841,0.9930000000000008,0.7970000000000006,0.847240476190476,931,735,36.622215032577515
984000,1000,0.9921666666666666,0.8046857142857149,0.8886454461372935,0.9930000000000008,0.8100000000000006,0.8538241647241643,935,752,40.04096794128418
985000,1000,0.9856666666666666,0.8181499999999997,0.8941298727697751,0.9860000000000008,0.8260000000000006,0.8629275613275617,926,767,33.32164216041565
986000,1000,0.993,0.7985833333333345,0.8852429415321651,0.9930000000000008,0.8070000000000006,0.8588499999999996,939,756,43.98357009887695
987000,1000,0.9940000000000001,0.8031653846153854,0.8884506669691379,0.9940000000000008,0.8120000000000006,0.8626949855699854,933,752,39.85423994064331
988000,1000,0.9935,0.8028696969696967,0.8880700284411994,0.9940000000000008,0.8090000000000006,0.8551061904761902,935,754,36.5975399017334
989000,1000,0.994,0.8041888888888898,0.8890765152591812,0.9940000000000008,0.8100000000000006,0.8584600288600285,948,764,35.28325796127319
990000,1000,0.9936666666666666,0.8295205128205135,0.9042043430097293,0.9940000000000008,0.8360000000000006,0.8768301587301583,930,773,36.55448603630066
991000,1000,0.9885,0.8224880952380955,0.8978849549377808,0.9890000000000008,0.8280000000000006,0.8680888888888887,937,777,41.51403188705444
992000,1000,0.9823333333333334,0.7863476190476187,0.8734819886400859,0.9840000000000008,0.7970000000000006,0.8444020202020196,923,738,38.56830883026123
993000,1000,0.9923333333333333,0.823766666666667,0.9002269943529788,0.9930000000000008,0.8300000000000006,0.8747071428571425,943,780,41.77238488197327
994000,1000,0.995,0.8088672161172165,0.8923305139598839,0.9950000000000008,0.8150000000000006,0.8611238095238087,945,768,42.37585806846619
995000,1000,0.991,0.8042000000000001,0.8878812388591801,0.9920000000000008,0.8080000000000006,0.8510126984126976,951,766,36.471726179122925
996000,1000,0.9935,0.7995079365079366,0.8860096140652182,0.9940000000000008,0.8080000000000006,0.8559425685425684,924,740,38.58334708213806
997000,1000,0.9856666666666666,0.8087142857142865,0.88846542115599,0.9860000000000008,0.8160000000000006,0.8541057674351789,948,778,34.623836040496826
998000,1000,0.9881333333333332,0.8148166666666671,0.893144578484028,0.9900000000000008,0.8210000000000006,0.8604111111111113,937,770,34.7891640663147
999000,1000,0.9891666666666666,0.7929318181818182,0.8802450932463856,0.9900000000000008,0.7990000000000006,0.8418131868131865,942,752,44.640151023864746
999998,998,0.9892451569806279,0.8155811623246499,0.8940580113712574,0.9899799599198159,0.821643286573131,0.8654356331710892,928,764,50.27653694152832
999999,1,1.0,1.0,1.0,1.0,1.0,1.0,1,1,0.8778879642486572
1000000,1,1.0,1.0,1.0,1.0,1.0,1.0,1,1,0.848970890045166
